Overall Difficulty Level: 0, Road Difficulty Level: 20 Sign Difficulty Level: 29 Go Sign False Positive Button Triggers: 0 Average Go Sign Latency: 0.000000 Driving Accuracy: 47 Vertical Accuracy: 59 Horizontal Accuracy: 51 Sign Accuracy: 0 OverallAccuracy:80 Go Signs Total: 0 GamePlayMode:  0.0
time,posX,posY,joyX,joyY,signType,flags,leftred,leftyellow,rightred,rightyellow,joystickbutton,TurnType,HillType
-4.000000,0.000000,0.000000,0.000000,0.000000,-1,256,0,0,0,0,1,0,0
-3.983000,0.000000,0.000000,0.000000,0.000000,-1,256,0,0,0,0,1,0,0
-3.967000,0.000000,0.000000,0.000000,0.000000,-1,256,0,0,0,0,1,0,0
-3.950000,0.000000,0.000000,0.000000,0.000000,-1,256,0,0,0,0,1,0,0
-3.933000,0.000000,0.000000,0.000000,0.000000,-1,0,0,0,0,0,0,0,0
-3.917000,0.000000,0.000000,0.000000,0.000000,-1,0,0,0,0,0,0,0,0
-3.900000,0.000000,0.000000,0.000000,0.000000,-1,0,0,0,0,0,0,0,0
-3.883000,0.000000,0.000000,0.000000,0.000000,-1,0,0,0,0,0,0,0,0
-3.867000,0.000000,0.000000,0.000000,0.000000,-1,0,0,0,0,0,0,0,0
-3.850000,0.000000,0.000000,0.000000,0.000000,-1,0,0,0,0,0,0,0,0
-3.833000,0.000000,0.000000,0.000000,0.000000,-1,0,0,0,0,0,0,0,0
-3.817000,0.000000,0.000000,0.000000,0.000000,-1,256,0,0,0,0,1,0,0
-3.800000,0.000000,0.000000,0.000000,0.000000,-1,256,0,0,0,0,1,0,0
-3.783000,0.000000,0.000000,0.000000,0.000000,-1,256,0,0,0,0,1,0,0
-3.767000,0.000000,0.000000,0.000000,0.000000,-1,256,0,0,0,0,1,0,0
-3.750000,0.000000,0.000000,0.000000,0.000000,-1,0,0,0,0,0,0,0,0
-3.733000,0.000000,0.000000,0.000000,0.000000,-1,0,0,0,0,0,0,0,0
-3.717000,0.000000,0.000000,0.000000,0.000000,-1,0,0,0,0,0,0,0,0
-3.700000,0.000000,0.000000,0.000000,0.000000,-1,0,0,0,0,0,0,0,0
-3.683000,0.000000,0.000000,0.000000,0.000000,-1,0,0,0,0,0,0,0,0
-3.667000,0.000000,0.000000,0.000000,0.000000,-1,0,0,0,0,0,0,0,0
-3.650000,0.000000,0.000000,0.000000,0.000000,-1,256,0,0,0,0,1,0,0
-3.633000,0.000000,0.000000,0.000000,0.000000,-1,256,0,0,0,0,1,0,0
-3.617000,0.000000,0.000000,0.000000,0.000000,-1,256,0,0,0,0,1,0,0
-3.600000,0.000000,0.000000,0.000000,0.000000,-1,256,0,0,0,0,1,0,0
-3.583000,0.000000,0.000000,0.000000,0.000000,-1,0,0,0,0,0,0,0,0
-3.567000,0.000000,0.000000,0.000000,0.000000,-1,0,0,0,0,0,0,0,0
-3.550000,0.000000,0.000000,0.000000,0.000000,-1,0,0,0,0,0,0,0,0
-3.533000,0.000000,0.000000,0.000000,0.000000,-1,0,0,0,0,0,0,0,0
-3.517000,0.000000,0.000000,0.000000,0.000000,-1,0,0,0,0,0,0,0,0
-3.500000,0.000000,0.000000,0.000000,0.000000,-1,0,0,0,0,0,0,0,0
-3.483000,0.000000,0.000000,0.000000,0.000000,-1,256,0,0,0,0,1,0,0
-3.467000,0.000000,0.000000,0.000000,0.000000,-1,256,0,0,0,0,1,0,0
-3.450000,0.000000,0.000000,0.000000,0.000000,-1,256,0,0,0,0,1,0,0
-3.433000,0.000000,0.000000,0.000000,0.000000,-1,256,0,0,0,0,1,0,0
-3.417000,0.000000,0.000000,0.000000,0.000000,-1,0,0,0,0,0,0,0,0
-3.400000,0.000000,0.000000,0.000000,0.000000,-1,0,0,0,0,0,0,0,0
-3.383000,0.000000,0.000000,0.000000,0.000000,-1,0,0,0,0,0,0,0,0
-3.367000,0.000000,0.000000,0.000000,0.000000,-1,0,0,0,0,0,0,0,0
-3.350000,0.000000,0.000000,0.000000,0.000000,-1,0,0,0,0,0,0,0,0
-3.333000,0.000000,0.000000,0.000000,0.000000,-1,0,0,0,0,0,0,0,0
-3.317000,0.000000,0.000000,0.000000,0.000000,-1,0,0,0,0,0,0,0,0
-3.300000,0.000000,0.000000,0.000000,0.000000,-1,0,0,0,0,0,0,0,0
-3.283000,0.000000,0.000000,0.000000,0.000000,-1,0,0,0,0,0,0,0,0
-3.267000,0.000000,0.000000,0.000000,0.000000,-1,0,0,0,0,0,0,0,0
-3.250000,0.000000,0.000000,0.000000,0.000000,-1,0,0,0,0,0,0,0,0
-3.233000,0.000000,0.000000,0.000000,0.000000,-1,0,0,0,0,0,0,0,0
-3.217000,0.000000,0.000000,0.000000,0.000000,-1,0,0,0,0,0,0,0,0
-3.200000,0.000000,0.000000,0.000000,0.000000,-1,0,0,0,0,0,0,0,0
-3.183000,0.000000,0.000000,0.000000,0.000000,-1,0,0,0,0,0,0,0,0
-3.167000,0.000000,0.000000,0.000000,0.000000,-1,0,0,0,0,0,0,0,0
-3.150000,0.000000,0.000000,0.000000,0.000000,-1,0,0,0,0,0,0,0,0
-3.133000,0.000000,0.000000,0.000000,0.000000,-1,0,0,0,0,0,0,0,0
-3.117000,0.000000,0.000000,0.000000,0.000000,-1,0,0,0,0,0,0,0,0
-3.100000,0.000000,0.000000,0.000000,0.000000,-1,0,0,0,0,0,0,0,0
-3.083000,0.000000,0.000000,0.000000,0.000000,-1,0,0,0,0,0,0,0,0
-3.067000,0.000000,0.000000,0.000000,0.000000,-1,0,0,0,0,0,0,0,0
-3.050000,0.000000,0.000000,0.000000,0.000000,-1,0,0,0,0,0,0,0,0
-3.033000,0.000000,0.000000,0.000000,0.000000,-1,0,0,0,0,0,0,0,0
-3.017000,0.000000,0.000000,0.000000,0.000000,-1,0,0,0,0,0,0,0,0
-3.000000,0.000000,0.000000,0.000000,0.000000,-1,0,0,0,0,0,0,0,0
-2.983000,0.000000,0.000000,0.000000,0.000000,-1,0,0,0,0,0,0,0,0
-2.967000,0.000000,0.000000,0.000000,0.000000,-1,0,0,0,0,0,0,0,0
-2.950000,0.000000,0.000000,0.000000,0.000000,-1,0,0,0,0,0,0,0,0
-2.933000,0.000000,0.000000,0.000000,0.000000,-1,0,0,0,0,0,0,0,0
-2.917000,0.000000,0.000000,0.000000,0.000000,-1,0,0,0,0,0,0,0,0
-2.900000,0.000000,0.000000,0.000000,0.000000,-1,0,0,0,0,0,0,0,0
-2.883000,0.000000,0.000000,0.000000,0.000000,-1,0,0,0,0,0,0,0,0
-2.867000,0.000000,0.000000,0.000000,0.000000,-1,0,0,0,0,0,0,0,0
-2.850000,0.000000,0.000000,0.000000,0.000000,-1,0,0,0,0,0,0,0,0
-2.833000,0.000000,0.000000,0.000000,0.000000,-1,0,0,0,0,0,0,0,0
-2.817000,0.000000,0.000000,0.000000,0.000000,-1,0,0,0,0,0,0,0,0
-2.800000,0.000000,0.000000,0.000000,0.000000,-1,0,0,0,0,0,0,0,0
-2.783000,0.000000,0.000000,0.000000,0.000000,-1,0,0,0,0,0,0,0,0
-2.767000,0.000000,0.000000,0.000000,0.000000,-1,0,0,0,0,0,0,0,0
-2.750000,0.000000,0.000000,0.000000,0.000000,-1,0,0,0,0,0,0,0,0
-2.733000,0.000000,0.000000,0.000000,0.000000,-1,0,0,0,0,0,0,0,0
-2.717000,0.000000,0.000000,0.000000,0.000000,-1,0,0,0,0,0,0,0,0
-2.700000,0.000000,0.000000,0.000000,0.000000,-1,0,0,0,0,0,0,0,0
-2.683000,0.000000,0.000000,0.000000,0.000000,-1,0,0,0,0,0,0,0,0
-2.667000,0.000000,0.000000,0.000000,0.000000,-1,0,0,0,0,0,0,0,0
-2.650000,0.000000,0.000000,0.000000,0.000000,-1,0,0,0,0,0,0,0,0
-2.633000,0.000000,0.000000,0.000000,0.000000,-1,0,0,0,0,0,0,0,0
-2.617000,0.000000,0.000000,0.000000,0.000000,-1,0,0,0,0,0,0,0,0
-2.600000,0.000000,0.000000,0.000000,0.000000,-1,0,0,0,0,0,0,0,0
-2.583000,0.000000,0.000000,0.000000,0.000000,-1,0,0,0,0,0,0,0,0
-2.567000,0.000000,0.000000,0.000000,0.000000,-1,0,0,0,0,0,0,0,0
-2.550000,0.000000,0.000000,0.000000,0.000000,-1,0,0,0,0,0,0,0,0
-2.533000,0.000000,0.000000,0.000000,0.000000,-1,0,0,0,0,0,0,0,0
-2.517000,0.000000,0.000000,0.000000,0.000000,-1,0,0,0,0,0,0,0,0
-2.500000,0.000000,0.000000,0.000000,0.000000,-1,0,0,0,0,0,0,0,0
-2.483000,0.000000,0.000000,0.000000,0.000000,-1,0,0,0,0,0,0,0,0
-2.467000,0.000000,0.000000,0.000000,0.000000,-1,0,0,0,0,0,0,0,0
-2.450000,0.000000,0.000000,0.000000,0.000000,-1,0,0,0,0,0,0,0,0
-2.433000,0.000000,0.000000,0.000000,0.000000,-1,0,0,0,0,0,0,0,0
-2.417000,0.000000,0.000000,0.000000,0.000000,-1,0,0,0,0,0,0,0,0
-2.400000,0.000000,0.000000,0.000000,0.000000,-1,0,0,0,0,0,0,0,0
-2.383000,0.000000,0.000000,0.000000,0.000000,-1,0,0,0,0,0,0,0,0
-2.367000,0.000000,0.000000,0.000000,0.000000,-1,0,0,0,0,0,0,0,0
-2.350000,0.000000,0.000000,0.000000,0.000000,-1,0,0,0,0,0,0,0,0
-2.333000,0.000000,0.000000,0.000000,0.000000,-1,0,0,0,0,0,0,0,0
-2.317000,0.000000,0.000000,0.000000,0.000000,-1,0,0,0,0,0,0,0,0
-2.300000,0.000000,0.000000,0.000000,0.000000,-1,0,0,0,0,0,0,0,0
-2.283000,0.000000,0.000000,0.000000,0.000000,-1,0,0,0,0,0,0,0,0
-2.267000,0.000000,0.000000,0.000000,0.000000,-1,0,0,0,0,0,0,0,0
-2.250000,0.000000,0.000000,0.000000,0.000000,-1,0,0,0,0,0,0,0,0
-2.233000,0.000000,0.000000,0.000000,0.000000,-1,0,0,0,0,0,0,0,0
-2.217000,0.000000,0.000000,0.000000,0.000000,-1,0,0,0,0,0,0,0,0
-2.200000,0.000000,0.000000,0.000000,0.000000,-1,0,0,0,0,0,0,0,0
-2.183000,0.000000,0.000000,0.000000,0.000000,-1,0,0,0,0,0,0,0,0
-2.167000,0.000000,0.000000,0.000000,0.000000,-1,0,0,0,0,0,0,0,0
-2.150000,0.000000,0.000000,0.000000,0.000000,-1,0,0,0,0,0,0,0,0
-2.133000,0.000000,0.000000,0.000000,0.000000,-1,0,0,0,0,0,0,0,0
-2.117000,0.000000,0.000000,0.000000,0.000000,-1,0,0,0,0,0,0,0,0
-2.100000,0.000000,0.000000,0.000000,0.000000,-1,0,0,0,0,0,0,0,0
-2.083000,0.000000,0.000000,0.000000,0.000000,-1,0,0,0,0,0,0,0,0
-2.067000,0.000000,0.000000,0.000000,0.000000,-1,0,0,0,0,0,0,0,0
-2.050000,0.000000,0.000000,0.000000,0.000000,-1,0,0,0,0,0,0,0,0
-2.033000,0.000000,0.000000,0.000000,0.000000,-1,0,0,0,0,0,0,0,0
-2.017000,0.000000,0.000000,0.000000,0.000000,-1,0,0,0,0,0,0,0,0
-2.000000,0.000000,0.000000,0.000000,0.000000,-1,0,0,0,0,0,0,0,0
-1.983000,0.000000,0.000000,0.000000,0.000000,-1,0,0,0,0,0,0,0,0
-1.967000,0.000000,0.000000,0.000000,0.000000,-1,0,0,0,0,0,0,0,0
-1.950000,0.000000,0.000000,0.000000,0.000000,-1,0,0,0,0,0,0,0,0
-1.933000,0.000000,0.000000,0.000000,0.000000,-1,0,0,0,0,0,0,0,0
-1.917000,0.000000,0.000000,0.000000,0.000000,-1,0,0,0,0,0,0,0,0
-1.900000,0.000000,0.000000,0.000000,0.000000,-1,0,0,0,0,0,0,0,0
-1.883000,0.000000,0.000000,0.000000,0.000000,-1,0,0,0,0,0,0,0,0
-1.867000,0.000000,0.000000,0.000000,0.000000,-1,0,0,0,0,0,0,0,0
-1.850000,0.000000,0.000000,0.000000,0.000000,-1,0,0,0,0,0,0,0,0
-1.833000,0.000000,0.000000,0.000000,0.000000,-1,0,0,0,0,0,0,0,0
-1.817000,0.000000,0.000000,0.000000,0.000000,-1,0,0,0,0,0,0,0,0
-1.800000,0.000000,0.000000,0.000000,0.000000,-1,0,0,0,0,0,0,0,0
-1.783000,0.000000,0.000000,0.000000,0.000000,-1,0,0,0,0,0,0,0,0
-1.767000,0.000000,0.000000,0.000000,0.000000,-1,0,0,0,0,0,0,0,0
-1.750000,0.000000,0.000000,0.000000,0.000000,-1,0,0,0,0,0,0,0,0
-1.733000,0.000000,0.000000,0.000000,0.000000,-1,0,0,0,0,0,0,0,0
-1.717000,0.000000,0.000000,0.000000,0.000000,-1,0,0,0,0,0,0,0,0
-1.700000,0.000000,0.000000,0.000000,0.000000,-1,0,0,0,0,0,0,0,0
-1.683000,0.000000,0.000000,0.000000,0.000000,-1,0,0,0,0,0,0,0,0
-1.667000,0.000000,0.000000,0.000000,0.000000,-1,0,0,0,0,0,0,0,0
-1.650000,0.000000,0.000000,0.000000,0.000000,-1,0,0,0,0,0,0,0,0
-1.633000,0.000000,0.000000,0.000000,0.000000,-1,0,0,0,0,0,0,0,0
-1.617000,0.000000,0.000000,0.000000,0.000000,-1,0,0,0,0,0,0,0,0
-1.600000,0.000000,0.000000,0.000000,0.000000,-1,0,0,0,0,0,0,0,0
-1.583000,0.000000,0.000000,0.000000,0.000000,-1,0,0,0,0,0,0,0,0
-1.567000,0.000000,0.000000,0.000000,0.000000,-1,0,0,0,0,0,0,0,0
-1.550000,0.000000,0.000000,0.000000,0.000000,-1,0,0,0,0,0,0,0,0
-1.533000,0.000000,0.000000,0.000000,0.000000,-1,0,0,0,0,0,0,0,0
-1.517000,0.000000,0.000000,0.000000,0.000000,-1,0,0,0,0,0,0,0,0
-1.500000,0.000000,0.000000,0.000000,0.000000,-1,0,0,0,0,0,0,0,0
-1.483000,0.000000,0.000000,0.000000,0.000000,-1,0,0,0,0,0,0,0,0
-1.467000,0.000000,0.000000,0.000000,0.000000,-1,0,0,0,0,0,0,0,0
-1.450000,0.000000,0.000000,0.000000,0.000000,-1,0,0,0,0,0,0,0,0
-1.433000,0.000000,0.000000,0.000000,0.000000,-1,0,0,0,0,0,0,0,0
-1.416000,0.000000,0.000000,0.000000,0.000000,-1,0,0,0,0,0,0,0,0
-1.400000,0.000000,0.000000,0.000000,0.000000,-1,0,0,0,0,0,0,0,0
-1.383000,0.000000,0.000000,0.000000,0.000000,-1,0,0,0,0,0,0,0,0
-1.366000,0.000000,0.000000,0.000000,0.000000,-1,0,0,0,0,0,0,0,0
-1.350000,0.000000,0.000000,0.000000,0.000000,-1,0,0,0,0,0,0,0,0
-1.333000,0.000000,0.000000,0.000000,0.000000,-1,0,0,0,0,0,0,0,0
-1.316000,0.000000,0.000000,0.000000,0.000000,-1,0,0,0,0,0,0,0,0
-1.300000,0.000000,0.000000,0.000000,0.000000,-1,0,0,0,0,0,0,0,0
-1.283000,0.000000,0.000000,0.000000,0.000000,-1,0,0,0,0,0,0,0,0
-1.266000,0.000000,0.000000,0.000000,0.000000,-1,0,0,0,0,0,0,0,0
-1.250000,0.000000,0.000000,0.000000,0.000000,-1,0,0,0,0,0,0,0,0
-1.233000,0.000000,0.000000,0.000000,0.000000,-1,0,0,0,0,0,0,0,0
-1.216000,0.000000,0.000000,0.000000,0.000000,-1,0,0,0,0,0,0,0,0
-1.200000,0.000000,0.000000,0.000000,0.000000,-1,0,0,0,0,0,0,0,0
-1.183000,0.000000,0.000000,0.000000,0.000000,-1,0,0,0,0,0,0,0,0
-1.166000,0.000000,0.000000,0.000000,0.000000,-1,0,0,0,0,0,0,0,0
-1.150000,0.000000,0.000000,0.000000,0.000000,-1,0,0,0,0,0,0,0,0
-1.133000,0.000000,0.000000,0.000000,0.000000,-1,0,0,0,0,0,0,0,0
-1.116000,0.000000,0.000000,0.000000,0.000000,-1,0,0,0,0,0,0,0,0
-1.100000,0.000000,0.000000,0.000000,0.000000,-1,0,0,0,0,0,0,0,0
-1.083000,0.000000,0.000000,0.000000,0.000000,-1,0,0,0,0,0,0,0,0
-1.066000,0.000000,0.000000,0.000000,0.000000,-1,0,0,0,0,0,0,0,0
-1.050000,0.000000,0.000000,0.000000,0.000000,-1,0,0,0,0,0,0,0,0
-1.033000,0.000000,0.000000,0.000000,0.000000,-1,0,0,0,0,0,0,0,0
-1.016000,0.000000,0.000000,0.000000,0.000000,-1,0,0,0,0,0,0,0,0
-1.000000,0.000000,0.000000,0.000000,0.000000,-1,0,0,0,0,0,0,0,0
-0.983000,0.000000,0.000000,0.000000,0.000000,-1,0,0,0,0,0,0,0,0
-0.966000,0.000000,0.000000,0.000000,0.000000,-1,0,0,0,0,0,0,0,0
-0.950000,0.000000,0.000000,0.000000,0.000000,-1,0,0,0,0,0,0,0,0
-0.933000,0.000000,0.000000,0.000000,0.000000,-1,0,0,0,0,0,0,0,0
-0.916000,0.000000,0.000000,0.000000,0.000000,-1,0,0,0,0,0,0,0,0
-0.900000,0.000000,0.000000,0.000000,0.000000,-1,0,0,0,0,0,0,0,0
-0.883000,0.000000,0.000000,0.000000,0.000000,-1,0,0,0,0,0,0,0,0
-0.866000,0.000000,0.000000,0.000000,0.000000,-1,0,0,0,0,0,0,0,0
-0.850000,0.000000,0.000000,0.000000,0.000000,-1,0,0,0,0,0,0,0,0
-0.833000,0.000000,0.000000,0.000000,0.000000,-1,0,0,0,0,0,0,0,0
-0.816000,0.000000,0.000000,0.000000,0.000000,-1,0,0,0,0,0,0,0,0
-0.800000,0.000000,0.000000,0.000000,0.000000,-1,0,0,0,0,0,0,0,0
-0.783000,0.000000,0.000000,0.000000,0.000000,-1,0,0,0,0,0,0,0,0
-0.766000,0.000000,0.000000,0.000000,0.000000,-1,0,0,0,0,0,0,0,0
-0.750000,0.000000,0.000000,0.000000,0.000000,-1,0,0,0,0,0,0,0,0
-0.733000,0.000000,0.000000,0.000000,0.000000,-1,0,0,0,0,0,0,0,0
-0.716000,0.000000,0.000000,0.000000,0.000000,-1,0,0,0,0,0,0,0,0
-0.700000,0.000000,0.000000,0.000000,0.000000,-1,0,0,0,0,0,0,0,0
-0.683000,0.000000,0.000000,0.000000,0.000000,-1,0,0,0,0,0,0,0,0
-0.666000,0.000000,0.000000,0.000000,0.000000,-1,0,0,0,0,0,0,0,0
-0.650000,0.000000,0.000000,0.000000,0.000000,-1,0,0,0,0,0,0,0,0
-0.633000,0.000000,0.000000,0.000000,0.000000,-1,0,0,0,0,0,0,0,0
-0.616000,0.000000,0.000000,0.000000,0.000000,-1,0,0,0,0,0,0,0,0
-0.600000,0.000000,0.000000,0.000000,0.000000,-1,0,0,0,0,0,0,0,0
-0.583000,0.000000,0.000000,0.000000,0.000000,-1,0,0,0,0,0,0,0,0
-0.566000,0.000000,0.000000,0.000000,0.000000,-1,0,0,0,0,0,0,0,0
-0.550000,0.000000,0.000000,0.000000,0.000000,-1,0,0,0,0,0,0,0,0
-0.533000,0.000000,0.000000,0.000000,0.000000,-1,0,0,0,0,0,0,0,0
-0.516000,0.000000,0.000000,0.000000,0.000000,-1,0,0,0,0,0,0,0,0
-0.500000,0.000000,0.000000,0.000000,0.000000,-1,0,0,0,0,0,0,0,0
-0.483000,0.000000,0.000000,0.000000,0.000000,-1,0,0,0,0,0,0,0,0
-0.466000,0.000000,0.000000,0.000000,0.000000,-1,0,0,0,0,0,0,0,0
-0.450000,0.000000,0.000000,0.000000,0.000000,-1,0,0,0,0,0,0,0,0
-0.433000,0.000000,0.000000,0.000000,0.000000,-1,0,0,0,0,0,0,0,0
-0.416000,0.000000,0.000000,0.000000,0.000000,-1,0,0,0,0,0,0,0,0
-0.400000,0.000000,0.000000,0.000000,0.000000,-1,0,0,0,0,0,0,0,0
-0.383000,0.000000,0.000000,0.000000,0.000000,-1,0,0,0,0,0,0,0,0
-0.366000,0.000000,0.000000,0.000000,0.000000,-1,0,0,0,0,0,0,0,0
-0.350000,0.000000,0.000000,0.000000,0.000000,-1,0,0,0,0,0,0,0,0
-0.333000,0.000000,0.000000,0.000000,0.000000,-1,0,0,0,0,0,0,0,0
-0.316000,0.000000,0.000000,0.000000,0.000000,-1,0,0,0,0,0,0,0,0
-0.300000,0.000000,0.000000,0.000000,0.000000,-1,0,0,0,0,0,0,0,0
-0.283000,0.000000,0.000000,0.000000,0.000000,-1,0,0,0,0,0,0,0,0
-0.266000,0.000000,0.000000,0.000000,0.000000,-1,0,0,0,0,0,0,0,0
-0.250000,0.000000,0.000000,0.000000,0.000000,-1,0,0,0,0,0,0,0,0
-0.233000,0.000000,0.000000,0.000000,0.000000,-1,0,0,0,0,0,0,0,0
-0.216000,0.000000,0.000000,0.000000,0.000000,-1,0,0,0,0,0,0,0,0
-0.200000,0.000000,0.000000,0.000000,0.000000,-1,0,0,0,0,0,0,0,0
-0.183000,0.000000,0.000000,0.000000,0.000000,-1,0,0,0,0,0,0,0,0
-0.166000,0.000000,0.000000,0.000000,0.000000,-1,0,0,0,0,0,0,0,0
-0.150000,0.000000,0.000000,0.000000,0.000000,-1,0,0,0,0,0,0,0,0
-0.133000,0.000000,0.000000,0.000000,0.000000,-1,0,0,0,0,0,0,0,0
-0.116000,0.000000,0.000000,0.000000,0.000000,-1,0,0,0,0,0,0,0,0
-0.100000,0.000000,0.000000,0.000000,0.000000,-1,0,0,0,0,0,0,0,0
-0.083000,0.000000,0.000000,0.000000,0.000000,-1,0,0,0,0,0,0,0,0
-0.066000,0.000000,0.000000,0.000000,0.000000,-1,0,0,0,0,0,0,0,0
-0.050000,0.000000,0.000000,0.000000,0.000000,-1,0,0,0,0,0,0,0,0
-0.033000,0.000000,0.000000,0.000000,0.000000,-1,0,0,0,0,0,0,0,0
-0.016000,0.000000,0.000000,0.000000,0.000000,-1,0,0,0,0,0,0,8,8
0.000000,0.000000,0.000000,0.000000,0.000000,-1,0,0,0,0,0,0,8,8
0.017000,0.000000,0.000000,0.000000,0.000000,-1,0,0,0,0,0,0,8,8
0.034000,0.000000,0.000000,0.000000,0.000000,-1,0,0,0,0,0,0,8,8
0.050000,0.000000,0.000000,0.000000,0.000000,-1,0,0,0,0,0,0,8,8
0.067000,0.000000,0.000000,0.000000,0.000000,-1,0,0,0,0,0,0,8,8
0.084000,0.000000,0.000000,0.000000,0.000000,-1,0,0,0,0,0,0,8,8
0.100000,0.000000,0.000000,0.000000,0.000000,-1,0,0,0,0,0,0,8,8
0.117000,0.000000,0.000000,0.000000,0.000000,-1,0,0,0,0,0,0,8,8
0.134000,0.000000,0.000000,0.000000,0.000000,-1,0,0,0,0,0,0,8,8
0.150000,0.000000,0.000000,0.000000,0.000000,-1,0,0,0,0,0,0,8,8
0.167000,0.000000,0.000000,0.000000,0.000000,-1,0,0,0,0,0,0,8,8
0.184000,0.000000,0.000000,0.000000,0.000000,-1,0,0,0,0,0,0,8,8
0.200000,0.000000,0.000000,0.000000,0.000000,-1,0,0,0,0,0,0,8,8
0.217000,0.000000,0.000000,0.000000,0.000000,-1,0,0,0,0,0,0,8,8
0.234000,0.000000,0.000000,0.000000,0.000000,-1,0,0,0,0,0,0,8,8
0.250000,0.000000,0.000000,0.000000,0.000000,-1,0,0,0,0,0,0,8,8
0.267000,0.000000,0.000000,0.000000,0.000000,-1,0,0,0,0,0,0,8,8
0.284000,0.000000,0.000000,0.000000,0.000000,-1,0,0,0,0,0,0,8,8
0.300000,0.000000,0.000000,0.000000,0.000000,-1,0,0,0,0,0,0,8,8
0.317000,0.000000,0.000000,0.000000,0.000000,-1,0,0,0,0,0,0,8,8
0.334000,0.000000,0.000000,0.000000,0.000000,-1,0,0,0,0,0,0,8,8
0.350000,0.000000,0.000000,0.000000,0.000000,-1,0,0,0,0,0,0,8,8
0.367000,0.000000,0.000000,0.000000,0.000000,-1,0,0,0,0,0,0,8,8
0.384000,0.000000,0.000000,0.000000,0.000000,-1,0,0,0,0,0,0,8,8
0.400000,0.000000,0.000000,0.000000,0.000000,-1,0,0,0,0,0,0,8,8
0.417000,0.000000,0.000000,0.000000,0.000000,-1,0,0,0,0,0,0,8,8
0.434000,0.000000,0.000000,0.000000,0.000000,-1,0,0,0,0,0,0,8,8
0.450000,0.000000,0.000000,0.000000,0.000000,-1,0,0,0,0,0,0,8,8
0.467000,0.000000,0.000000,0.000000,0.000000,-1,0,0,0,0,0,0,8,8
0.484000,0.000000,0.000000,0.000000,0.000000,-1,0,0,0,0,0,0,8,8
0.500000,0.000000,0.000000,0.000000,0.000000,-1,0,0,0,0,0,0,8,8
0.517000,0.000000,0.000000,0.000000,0.000000,-1,0,0,0,0,0,0,8,8
0.534000,0.000000,0.000000,0.000000,0.000000,-1,0,0,0,0,0,0,8,8
0.550000,0.000000,0.000000,0.000000,0.000000,-1,0,0,0,0,0,0,8,8
0.567000,0.000000,0.000000,0.000000,0.000000,-1,0,0,0,0,0,0,8,8
0.584000,0.000000,0.000000,0.000000,0.000000,-1,0,0,0,0,0,0,8,8
0.600000,0.000000,0.000000,0.000000,0.000000,-1,0,0,0,0,0,0,8,8
0.617000,0.000000,0.000000,0.000000,0.000000,-1,0,0,0,0,0,0,8,8
0.634000,0.000000,0.000000,0.000000,0.000000,-1,0,0,0,0,0,0,8,8
0.650000,0.000000,0.000000,0.000000,0.000000,-1,0,0,0,0,0,0,8,8
0.667000,0.000000,0.000000,0.000000,0.000000,-1,0,0,0,0,0,0,8,8
0.684000,0.000000,0.000000,0.000000,0.000000,-1,0,0,0,0,0,0,8,8
0.700000,0.000000,0.000000,0.000000,0.000000,-1,0,0,0,0,0,0,8,8
0.717000,0.000000,0.000000,0.000000,0.000000,-1,0,0,0,0,0,0,8,8
0.734000,0.000000,0.000000,0.000000,0.000000,-1,0,0,0,0,0,0,8,8
0.750000,0.000000,0.000000,0.000000,0.000000,-1,0,0,0,0,0,0,8,8
0.767000,0.000000,0.000000,0.000000,0.000000,-1,0,0,0,0,0,0,8,8
0.784000,0.000000,0.000000,0.000000,0.000000,-1,0,0,0,0,0,0,8,8
0.800000,0.000000,0.000000,0.000000,0.000000,-1,0,0,0,0,0,0,8,8
0.817000,0.000000,0.000000,0.000000,0.000000,-1,0,0,0,0,0,0,8,8
0.834000,0.000000,0.000000,0.000000,0.000000,-1,0,0,0,0,0,0,8,8
0.850000,0.000000,0.000000,0.000000,0.000000,-1,0,0,0,0,0,0,8,8
0.867000,0.000000,0.000000,0.000000,0.000000,-1,0,0,0,0,0,0,8,8
0.884000,0.000000,0.000000,0.000000,0.000000,-1,0,0,0,0,0,0,8,8
0.900000,0.000000,0.000000,0.000000,0.000000,-1,0,0,0,0,0,0,8,8
0.917000,0.000000,0.000000,0.000000,0.000000,-1,0,0,0,0,0,0,8,8
0.934000,0.000000,0.000000,0.000000,0.000000,-1,0,0,0,0,0,0,8,8
0.950000,0.000000,0.000000,0.000000,0.000000,-1,0,0,0,0,0,0,8,8
0.967000,0.000000,0.000000,0.000000,0.000000,-1,0,0,0,0,0,0,8,8
0.984000,0.000000,0.000000,0.000000,0.000000,-1,0,0,0,0,0,0,8,8
1.000000,0.000000,0.000000,0.000000,0.000000,-1,0,0,0,0,0,0,8,8
1.017000,0.000000,0.000000,0.000000,0.000000,-1,0,0,0,0,0,0,8,8
1.034000,0.000000,0.000000,0.000000,0.000000,-1,0,0,0,0,0,0,8,8
1.050000,0.000000,0.000000,0.000000,0.000000,-1,0,0,0,0,0,0,8,8
1.067000,0.000000,0.000000,0.000000,0.000000,-1,0,0,0,0,0,0,8,8
1.084000,0.000000,0.000000,0.000000,0.000000,-1,0,0,0,0,0,0,8,8
1.100000,0.000000,0.000000,0.000000,0.000000,-1,0,0,0,0,0,0,8,8
1.117000,0.000000,0.000000,0.000000,0.000000,-1,0,0,0,0,0,0,8,8
1.134000,0.000000,0.000000,0.000000,0.000000,-1,0,0,0,0,0,0,8,8
1.150000,0.000000,0.000000,0.000000,0.000000,-1,0,0,0,0,0,0,8,8
1.167000,0.000000,0.000000,0.000000,0.000000,-1,0,0,0,0,0,0,8,8
1.184000,0.000000,0.000000,0.000000,0.000000,-1,0,0,0,0,0,0,8,8
1.200000,0.000000,0.000000,0.000000,0.000000,-1,0,0,0,0,0,0,8,8
1.217000,0.000000,0.000000,0.000000,0.000000,-1,0,0,0,0,0,0,8,8
1.234000,0.000000,0.000000,0.000000,0.000000,-1,0,0,0,0,0,0,8,8
1.250000,0.000000,0.000000,0.000000,0.000000,-1,0,0,0,0,0,0,8,8
1.267000,0.000000,0.000000,0.000000,0.000000,-1,0,0,0,0,0,0,8,8
1.284000,0.000000,0.000000,0.000000,0.000000,-1,0,0,0,0,0,0,8,8
1.300000,0.000000,0.000000,0.000000,0.000000,-1,0,0,0,0,0,0,8,8
1.317000,0.000000,0.000000,0.000000,0.000000,-1,0,0,0,0,0,0,8,8
1.334000,0.000000,0.000000,0.000000,0.000000,-1,0,0,0,0,0,0,8,8
1.350000,0.000000,0.000000,0.000000,0.000000,-1,0,0,0,0,0,0,8,8
1.367000,0.000000,0.000000,0.000000,0.000000,-1,0,0,0,0,0,0,8,8
1.384000,0.000000,0.000000,0.000000,0.000000,-1,0,0,0,0,0,0,8,8
1.400000,0.000000,0.000000,0.000000,0.000000,-1,0,0,0,0,0,0,8,8
1.417000,0.000000,0.000000,0.000000,0.000000,-1,0,0,0,0,0,0,8,8
1.434000,0.000000,0.000000,0.000000,0.000000,-1,0,0,0,0,0,0,8,8
1.450000,0.000000,0.000000,0.000000,0.000000,-1,0,0,0,0,0,0,8,8
1.467000,0.000000,0.000000,0.000000,0.000000,-1,0,0,0,0,0,0,8,8
1.484000,0.000000,0.000000,0.000000,0.000000,-1,0,0,0,0,0,0,8,8
1.500000,0.000000,0.000000,0.000000,0.000000,-1,0,0,0,0,0,0,8,8
1.517000,0.000000,0.000000,0.000000,0.000000,-1,0,0,0,0,0,0,8,8
1.534000,0.000000,0.000000,0.000000,0.000000,-1,0,0,0,0,0,0,8,8
1.550000,0.000000,0.000000,0.000000,0.000000,-1,0,0,0,0,0,0,8,8
1.567000,0.000000,0.000000,0.000000,0.000000,-1,0,0,0,0,0,0,8,8
1.584000,0.000000,0.000000,0.000000,0.000000,-1,0,0,0,0,0,0,8,8
1.600000,0.000000,0.000000,0.000000,0.000000,-1,0,0,0,0,0,0,8,8
1.617000,0.000000,0.000000,0.000000,0.000000,-1,0,0,0,0,0,0,8,8
1.634000,0.000000,0.000000,0.000000,0.000000,-1,0,0,0,0,0,0,8,8
1.650000,0.000000,0.000000,0.000000,0.000000,-1,0,0,0,0,0,0,8,8
1.667000,0.000000,0.000000,0.000000,0.000000,-1,0,0,0,0,0,0,8,8
1.684000,0.000000,0.000000,0.000000,0.000000,-1,0,0,0,0,0,0,8,8
1.700000,0.000000,0.000000,0.000000,0.000000,-1,0,0,0,0,0,0,8,8
1.717000,0.000000,0.000000,0.000000,0.000000,-1,0,0,0,0,0,0,8,8
1.734000,0.000000,0.000000,0.000000,0.000000,-1,0,0,0,0,0,0,8,8
1.750000,0.000000,0.000000,0.000000,0.000000,-1,0,0,0,0,0,0,8,8
1.767000,0.000000,0.000000,0.000000,0.000000,-1,0,0,0,0,0,0,8,8
1.784000,0.000000,0.000000,0.000000,0.000000,-1,0,0,0,0,0,0,8,8
1.800000,0.000000,0.000000,0.000000,0.000000,-1,0,0,0,0,0,0,8,8
1.817000,0.000000,0.000000,0.000000,0.000000,-1,0,0,0,0,0,0,8,8
1.834000,0.000000,0.000000,0.000000,0.000000,-1,0,0,0,0,0,0,8,8
1.850000,0.000000,0.000000,0.000000,0.000000,-1,0,0,0,0,0,0,8,8
1.867000,0.000000,0.000000,0.000000,0.000000,-1,0,0,0,0,0,0,8,8
1.884000,0.000000,0.000000,0.000000,0.000000,-1,0,0,0,0,0,0,8,8
1.900000,0.000000,0.000000,0.000000,0.000000,-1,0,0,0,0,0,0,8,8
1.917000,0.000000,0.000000,0.000000,0.000000,-1,0,0,0,0,0,0,8,8
1.934000,0.000000,0.000000,0.000000,0.000000,-1,0,0,0,0,0,0,8,8
1.950000,0.000000,0.000000,0.000000,0.000000,-1,0,0,0,0,0,0,8,8
1.967000,0.000000,0.000000,0.000000,0.000000,-1,0,0,0,0,0,0,8,8
1.984000,0.000000,0.000000,0.000000,0.000000,-1,0,0,0,0,0,0,8,8
2.000000,0.000000,0.000000,0.000000,0.000000,-1,0,0,0,0,0,0,8,8
2.017000,0.000000,0.000000,0.000000,0.000000,-1,0,0,0,0,0,0,8,8
2.034000,0.000000,0.000000,0.000000,0.000000,-1,0,0,0,0,0,0,8,8
2.050000,0.000000,0.000000,0.000000,0.000000,-1,0,0,0,0,0,0,8,8
2.067000,0.000000,0.000000,0.000000,0.000000,-1,0,0,0,0,0,0,8,8
2.084000,0.000000,0.000000,0.000000,0.000000,-1,0,0,0,0,0,0,8,8
2.100000,0.000000,0.000000,0.000000,0.000000,-1,0,0,0,0,0,0,8,8
2.117000,0.000000,0.000000,0.000000,0.000000,-1,0,0,0,0,0,0,8,8
2.134000,0.000000,0.000000,0.000000,0.000000,-1,0,0,0,0,0,0,8,8
2.150000,0.000000,0.000000,0.000000,0.000000,-1,0,0,0,0,0,0,8,8
2.167000,0.000000,0.000000,0.000000,0.000000,-1,0,0,0,0,0,0,8,8
2.184000,0.000000,0.000000,0.000000,0.000000,-1,0,0,0,0,0,0,8,8
2.200000,0.000000,0.000000,0.000000,0.000000,-1,0,0,0,0,0,0,8,8
2.217000,0.000000,0.000000,0.000000,0.000000,-1,0,0,0,0,0,0,8,8
2.234000,0.000000,0.000000,0.000000,0.000000,-1,0,0,0,0,0,0,8,8
2.250000,0.000000,0.000000,0.000000,0.000000,-1,0,0,0,0,0,0,8,8
2.267000,0.000000,0.000000,0.000000,0.000000,-1,0,0,0,0,0,0,8,8
2.284000,0.000000,0.000000,0.000000,0.000000,-1,0,0,0,0,0,0,8,8
2.300000,0.000000,0.000000,0.000000,0.000000,-1,0,0,0,0,0,0,8,8
2.317000,0.000000,0.000000,0.000000,0.000000,-1,0,0,0,0,0,0,8,8
2.334000,0.000000,0.000000,0.000000,0.000000,-1,0,0,0,0,0,0,8,8
2.350000,0.000000,0.000000,0.000000,0.000000,-1,0,0,0,0,0,0,8,8
2.367000,0.000000,0.000000,0.000000,0.000000,-1,0,0,0,0,0,0,8,8
2.384000,0.000000,0.000000,0.000000,0.000000,-1,0,0,0,0,0,0,8,8
2.400000,0.000000,0.000000,0.000000,0.000000,-1,0,0,0,0,0,0,8,8
2.417000,0.000000,0.000000,0.000000,0.000000,-1,0,0,0,0,0,0,8,8
2.434000,0.000000,0.000000,0.000000,0.000000,-1,0,0,0,0,0,0,8,8
2.450000,0.000000,0.000000,0.000000,0.000000,-1,0,0,0,0,0,0,8,8
2.467000,0.000000,0.000000,0.000000,0.000000,-1,0,0,0,0,0,0,8,8
2.484000,-0.208886,-0.004166,0.000000,0.000000,-1,0,0,0,0,0,0,8,8
2.500000,-0.417757,-0.012497,0.000000,0.000000,-1,0,0,0,0,0,0,8,8
2.517000,-0.626599,-0.024998,0.000000,0.000000,-1,0,0,0,0,0,0,8,8
2.534000,-0.835398,-0.041664,0.000000,0.000000,-1,0,0,0,0,0,0,8,8
2.550000,-1.044138,-0.062496,0.000000,0.000000,-1,0,0,0,0,0,0,8,8
2.567000,-1.252807,-0.083328,0.000000,0.000000,-1,0,0,0,0,0,0,8,8
2.584000,-1.461402,-0.108326,0.000000,0.000000,-1,0,0,0,0,0,0,8,8
2.600000,-1.669911,-0.137493,0.000000,0.000000,-1,0,0,0,0,0,0,8,8
2.617000,-1.878318,-0.170826,0.000000,0.000000,-1,0,0,0,0,0,0,8,8
2.634000,-2.086609,-0.208324,0.000000,0.000000,-1,0,0,0,0,0,0,8,8
2.650000,-2.294769,-0.249989,0.000000,0.000000,-1,0,0,0,0,0,0,8,8
2.667000,-2.502785,-0.295822,0.000000,0.000000,-1,0,0,0,0,0,0,8,8
2.684000,-2.710641,-0.345821,0.000000,0.000000,-1,0,0,0,0,0,0,8,8
2.700000,-2.918322,-0.399986,0.000000,0.000000,-1,0,0,0,0,0,0,8,8
2.717000,-3.125815,-0.458317,0.000000,0.000000,-1,0,0,0,0,0,0,8,8
2.734000,-3.333106,-0.520817,0.000000,0.000000,-1,0,0,0,0,0,0,8,8
2.750000,-3.540178,-0.587482,0.000000,0.000000,-1,1,0,1,0,0,0,8,8
2.767000,-3.747019,-0.658314,0.000000,0.000000,-1,1,0,1,0,0,0,8,8
2.784000,-3.953612,-0.733315,0.000000,0.000000,-1,1,0,1,0,0,0,8,8
2.800000,-4.159945,-0.812481,0.000000,0.000000,-1,1,0,1,0,0,0,8,8
2.817000,-4.366002,-0.895813,0.000000,0.000000,-1,1,0,1,0,0,0,8,8
2.834000,-4.571769,-0.983311,0.000000,0.000000,-1,1,0,1,0,0,0,8,8
2.850000,-4.777232,-1.074978,0.000000,0.000000,-1,1,0,1,0,0,0,8,8
2.867000,-4.982375,-1.170811,0.000000,0.000000,-1,1,0,1,0,0,0,8,8
2.884000,-5.187185,-1.270809,0.000000,0.000000,-1,1,0,1,0,0,0,8,8
2.900000,-5.391646,-1.374973,0.000000,0.000000,-1,1,0,1,0,0,0,8,8
2.917000,-5.595745,-1.483307,0.000000,0.000000,-1,1,0,1,0,0,0,8,8
2.934000,-5.799467,-1.595806,0.000000,0.000000,-1,1,0,1,0,0,0,8,8
2.950000,-6.002797,-1.712471,0.000000,0.000000,-1,1,0,1,0,0,0,8,8
2.967000,-6.205720,-1.833302,0.000000,0.000000,-1,1,0,1,0,0,0,8,8
2.984000,-6.408224,-1.958298,0.000000,0.000000,-1,1,0,1,0,0,0,8,-8
3.000000,-6.610291,-2.087463,0.000000,0.000000,-1,1,0,1,0,0,0,8,-8
3.017000,-6.811910,-2.220795,0.000000,0.000000,-1,16,1,0,0,0,0,8,-8
3.034000,-7.013064,-2.358292,0.000000,0.000000,-1,16,1,0,0,0,0,8,-8
3.050000,-7.213739,-2.499954,0.000000,0.000000,-1,16,1,0,0,0,0,8,-8
3.067000,-7.413922,-2.645786,0.000000,0.000000,-1,16,1,0,0,0,0,8,-8
3.084000,-7.613596,-2.795784,0.000000,0.000000,-1,16,1,0,0,0,0,8,-8
3.100000,-7.812749,-2.949947,0.000000,0.000000,-1,16,1,0,0,0,0,8,-8
3.117000,-8.011365,-3.108276,0.000000,0.000000,-1,16,1,0,0,0,0,8,-8
3.134000,-8.209430,-3.270775,0.000000,0.000000,-1,16,1,0,0,0,0,8,-8
3.150000,-8.406928,-3.437439,0.000000,0.000000,-1,16,1,0,0,0,0,8,-8
3.167000,-8.603847,-3.604103,0.000000,0.000000,-1,16,1,0,0,0,0,8,-8
3.184000,-8.800185,-3.770767,0.000000,0.000000,-1,16,1,0,0,0,0,8,-8
3.200000,-8.995943,-3.937431,0.000000,0.000000,-1,16,1,0,0,0,0,8,-8
3.217000,-9.191121,-4.104095,0.000000,0.000000,-1,24,1,0,0,0,0,8,-8
3.234000,-9.385718,-4.270760,0.000000,0.000000,-1,24,1,0,0,0,0,8,-8
3.250000,-9.579736,-4.437424,0.000000,0.000000,-1,24,1,0,0,0,0,8,-8
3.267000,-9.773173,-4.604088,0.000000,0.000000,-1,24,1,0,0,0,0,8,-8
3.284000,-9.966030,-4.770752,0.000000,0.000000,-1,24,1,0,0,0,0,8,-8
3.300000,-10.158307,-4.937416,0.000000,0.000000,-1,24,1,0,0,0,0,8,-8
3.317000,-10.350003,-5.104080,0.000000,0.000000,-1,24,1,0,0,0,0,8,-8
3.334000,-10.541120,-5.270744,0.000000,0.000000,-1,24,1,0,0,0,0,8,-8
3.350000,-10.731655,-5.437408,0.000000,0.000000,-1,24,1,0,0,0,0,8,-8
3.367000,-10.921611,-5.604073,0.000000,0.000000,-1,24,1,0,0,0,0,8,-8
3.384000,-11.000000,-5.770737,0.000000,0.000000,-1,24,1,0,0,0,0,8,-8
3.400000,-11.000000,-5.937401,0.000000,0.000000,-1,24,1,0,0,0,0,8,-8
3.417000,-11.000000,-6.104065,0.000000,0.000000,-1,24,1,0,0,0,0,8,-8
3.434000,-11.000000,-6.270729,0.000000,0.000000,-1,24,1,0,0,0,0,8,-8
3.450000,-11.000000,-6.437393,0.000000,0.000000,-1,24,1,0,0,0,0,8,-8
3.467000,-11.000000,-6.604057,0.000000,0.000000,-1,24,1,0,0,0,0,8,-8
3.484000,-11.000000,-6.770721,0.000000,0.000000,-1,24,1,0,0,0,0,8,-8
3.500000,-11.000000,-6.937386,0.000000,0.000000,-1,24,1,0,0,0,0,8,-8
3.517000,-11.000000,-7.104050,0.000000,0.000000,-1,24,1,0,0,0,0,8,-8
3.534000,-11.000000,-7.270714,0.000000,0.000000,-1,24,1,0,0,0,0,8,-8
3.550000,-11.000000,-7.437378,0.000000,0.000000,-1,24,1,0,0,0,0,8,-8
3.567000,-11.000000,-7.604042,0.000000,0.000000,-1,24,1,0,0,0,0,8,-8
3.584000,-11.000000,-7.770706,0.000000,0.000000,-1,24,1,0,0,0,0,8,-8
3.600000,-11.000000,-7.937370,0.000000,0.000000,-1,24,1,0,0,0,0,8,-8
3.617000,-11.000000,-8.104034,0.000000,0.000000,-1,24,1,0,0,0,0,8,-8
3.634000,-11.000000,-8.270699,0.000000,0.000000,-1,24,1,0,0,0,0,8,-8
3.650000,-11.000000,-8.437363,0.000000,0.000000,-1,24,1,0,0,0,0,8,-8
3.667000,-11.000000,-8.604027,0.000000,0.000000,-1,144,1,0,0,0,0,8,-8
3.684000,-11.000000,-8.770691,0.000000,0.000000,-1,144,1,0,0,0,0,8,-8
3.700000,-11.000000,-8.937355,0.000000,0.000000,-1,144,1,0,0,0,0,8,-8
3.717000,-11.000000,-9.104019,0.000000,0.000000,-1,144,1,0,0,0,0,8,-8
3.734000,-11.000000,-9.270683,0.000000,0.000000,-1,144,1,0,0,0,0,8,-8
3.750000,-11.000000,-9.437347,0.000000,0.000000,-1,144,1,0,0,0,0,8,-8
3.767000,-11.000000,-9.604012,0.000000,0.000000,-1,144,1,0,0,0,0,8,-8
3.784000,-11.000000,-9.770676,0.000000,0.000000,-1,144,1,0,0,0,0,8,-8
3.800000,-11.000000,-9.937340,0.000000,0.000000,-1,144,1,0,0,0,0,8,-8
3.817000,-11.000000,-10.000000,0.000000,0.000000,-1,144,1,0,0,0,0,8,-8
3.834000,-11.000000,-10.000000,0.000000,0.000000,-1,144,1,0,0,0,0,8,-8
3.850000,-11.000000,-10.000000,0.000000,0.000000,-1,144,1,0,0,0,0,8,-8
3.867000,-11.000000,-10.000000,0.000000,0.000000,-1,144,1,0,0,0,0,8,-8
3.884000,-11.000000,-10.000000,0.000000,0.000000,-1,144,1,0,0,0,0,8,-8
3.900000,-11.000000,-10.000000,0.000000,0.000000,-1,144,1,0,0,0,0,8,-8
3.917000,-11.000000,-10.000000,0.000000,0.000000,-1,144,1,0,0,0,0,8,-8
3.934000,-11.000000,-10.000000,0.000000,0.000000,-1,144,1,0,0,0,0,8,-8
3.950000,-11.000000,-10.000000,0.000000,0.000000,-1,144,1,0,0,0,0,8,-8
3.967000,-11.000000,-10.000000,0.000000,0.000000,-1,144,1,0,0,0,0,8,-8
3.984000,-11.000000,-10.000000,0.000000,0.000000,-1,144,1,0,0,0,0,8,-8
4.000000,-11.000000,-10.000000,0.000000,0.000000,-1,144,1,0,0,0,0,8,-8
4.017000,-11.000000,-10.000000,0.000000,0.000000,-1,144,1,0,0,0,0,8,-8
4.034000,-11.000000,-10.000000,0.000000,0.000000,-1,144,1,0,0,0,0,8,-8
4.050000,-11.000000,-10.000000,0.000000,0.000000,-1,144,1,0,0,0,0,8,-8
4.067000,-11.000000,-10.000000,0.000000,0.000000,-1,144,1,0,0,0,0,8,-8
4.084000,-11.000000,-10.000000,0.000000,0.000000,-1,144,1,0,0,0,0,8,-8
4.100000,-11.000000,-10.000000,0.000000,0.000000,-1,144,1,0,0,0,0,8,-8
4.117000,-11.000000,-10.000000,0.000000,0.000000,-1,144,1,0,0,0,0,8,-8
4.134000,-11.000000,-10.000000,0.000000,0.000000,-1,144,1,0,0,0,0,8,-8
4.150000,-11.000000,-10.000000,0.000000,0.000000,-1,144,1,0,0,0,0,8,-8
4.167000,-11.000000,-10.000000,0.000000,0.000000,-1,144,1,0,0,0,0,8,-8
4.184000,-11.000000,-10.000000,0.000000,0.000000,-1,144,1,0,0,0,0,8,-8
4.200000,-11.000000,-10.000000,0.000000,0.000000,-1,144,1,0,0,0,0,8,-8
4.217000,-11.000000,-10.000000,0.000000,0.000000,-1,144,1,0,0,0,0,8,-8
4.234000,-11.000000,-10.000000,0.000000,0.000000,-1,144,1,0,0,0,0,8,-8
4.250000,-11.000000,-10.000000,0.000000,0.000000,-1,144,1,0,0,0,0,8,-8
4.267000,-11.000000,-10.000000,0.000000,0.000000,-1,144,1,0,0,0,0,8,-8
4.284000,-11.000000,-10.000000,0.000000,0.000000,-1,144,1,0,0,0,0,8,-8
4.300000,-11.000000,-10.000000,0.000000,0.000000,-1,144,1,0,0,0,0,8,-8
4.317000,-11.000000,-10.000000,0.000000,0.000000,-1,144,1,0,0,0,0,8,-8
4.334000,-11.000000,-10.000000,0.000000,0.000000,-1,144,1,0,0,0,0,8,-8
4.350000,-11.000000,-10.000000,0.000000,0.000000,-1,144,1,0,0,0,0,8,-8
4.367000,-11.000000,-10.000000,0.000000,0.000000,-1,144,1,0,0,0,0,8,-8
4.384000,-11.000000,-10.000000,0.000000,0.000000,-1,144,1,0,0,0,0,8,-8
4.400000,-11.000000,-10.000000,0.000000,0.000000,-1,144,1,0,0,0,0,8,-8
4.417000,-11.000000,-10.000000,0.000000,0.000000,-1,144,1,0,0,0,0,8,-8
4.434000,-11.000000,-10.000000,0.000000,0.000000,-1,144,1,0,0,0,0,8,-8
4.450000,-11.000000,-10.000000,0.000000,0.000000,-1,144,1,0,0,0,0,8,-8
4.467000,-11.000000,-10.000000,0.000000,0.000000,-1,144,1,0,0,0,0,8,-8
4.484000,-11.000000,-10.000000,0.000000,0.000000,-1,144,1,0,0,0,0,8,-8
4.500000,-11.000000,-10.000000,0.000000,0.000000,-1,144,1,0,0,0,0,8,-8
4.517000,-11.000000,-10.000000,0.000000,0.000000,-1,144,1,0,0,0,0,8,-8
4.534000,-11.000000,-10.000000,0.000000,0.000000,-1,144,1,0,0,0,0,8,-8
4.550000,-11.000000,-10.000000,0.000000,0.000000,-1,144,1,0,0,0,0,8,-8
4.567000,-11.000000,-10.000000,0.000000,0.000000,-1,144,1,0,0,0,0,8,-8
4.584000,-11.000000,-10.000000,0.000000,0.000000,-1,144,1,0,0,0,0,8,-8
4.600000,-11.000000,-10.000000,0.000000,0.000000,-1,144,1,0,0,0,0,8,-8
4.617000,-11.000000,-10.000000,0.000000,0.000000,-1,144,1,0,0,0,0,8,-8
4.634000,-11.000000,-10.000000,0.000000,0.000000,-1,144,1,0,0,0,0,8,-8
4.650000,-11.000000,-10.000000,0.000000,0.000000,-1,144,1,0,0,0,0,8,-8
4.667000,-11.000000,-10.000000,0.000000,0.000000,-1,144,1,0,0,0,0,8,-8
4.684000,-11.000000,-10.000000,0.000000,0.000000,-1,144,1,0,0,0,0,8,-8
4.700000,-11.000000,-10.000000,0.000000,0.000000,-1,144,1,0,0,0,0,8,-8
4.717000,-11.000000,-10.000000,0.000000,0.000000,-1,144,1,0,0,0,0,8,-8
4.734000,-11.000000,-10.000000,0.000000,0.000000,-1,144,1,0,0,0,0,8,-8
4.750000,-11.000000,-10.000000,0.000000,0.000000,-1,144,1,0,0,0,0,8,-8
4.767000,-11.000000,-10.000000,0.000000,0.000000,-1,144,1,0,0,0,0,8,-8
4.784000,-11.000000,-10.000000,0.000000,0.000000,-1,144,1,0,0,0,0,8,-8
4.800000,-11.000000,-10.000000,0.000000,0.000000,-1,144,1,0,0,0,0,8,-8
4.817000,-11.000000,-10.000000,0.000000,0.000000,-1,144,1,0,0,0,0,8,-8
4.834000,-11.000000,-10.000000,0.000000,0.000000,-1,144,1,0,0,0,0,8,-8
4.850000,-11.000000,-10.000000,0.000000,0.000000,-1,144,1,0,0,0,0,8,-8
4.867000,-11.000000,-10.000000,0.000000,0.000000,-1,144,1,0,0,0,0,8,-8
4.884000,-11.000000,-10.000000,0.000000,0.000000,-1,144,1,0,0,0,0,8,-8
4.900000,-11.000000,-10.000000,0.000000,0.000000,-1,144,1,0,0,0,0,8,-8
4.917000,-11.000000,-10.000000,0.000000,0.000000,-1,144,1,0,0,0,0,8,-8
4.934000,-11.000000,-10.000000,0.000000,0.000000,-1,144,1,0,0,0,0,8,-8
4.950000,-11.000000,-10.000000,0.000000,0.000000,-1,144,1,0,0,0,0,8,-8
4.967000,-11.000000,-10.000000,0.000000,0.000000,-1,144,1,0,0,0,0,8,-8
4.984000,-11.000000,-10.000000,0.000000,0.000000,-1,144,1,0,0,0,0,8,-8
5.000000,-11.000000,-10.000000,0.000000,0.000000,-1,144,1,0,0,0,0,8,-8
5.017000,-11.000000,-10.000000,0.000000,0.000000,-1,144,1,0,0,0,0,8,-8
5.034000,-11.000000,-10.000000,0.000000,0.000000,-1,144,1,0,0,0,0,8,-8
5.050000,-11.000000,-10.000000,0.000000,0.000000,-1,144,1,0,0,0,0,8,-8
5.067000,-11.000000,-10.000000,0.000000,0.000000,-1,144,1,0,0,0,0,8,-8
5.084000,-11.000000,-10.000000,0.000000,0.000000,-1,144,1,0,0,0,0,8,-8
5.100000,-11.000000,-10.000000,0.000000,0.000000,-1,144,1,0,0,0,0,8,-8
5.117000,-11.000000,-10.000000,0.000000,0.000000,-1,144,1,0,0,0,0,8,-8
5.134000,-11.000000,-10.000000,0.000000,0.000000,-1,144,1,0,0,0,0,8,-8
5.150000,-11.000000,-10.000000,0.000000,0.000000,-1,144,1,0,0,0,0,8,-8
5.167000,-11.000000,-10.000000,0.000000,0.000000,-1,144,1,0,0,0,0,8,-8
5.184000,-11.000000,-10.000000,0.000000,0.000000,-1,144,1,0,0,0,0,8,-8
5.200000,-11.000000,-10.000000,0.000000,0.000000,-1,144,1,0,0,0,0,8,-8
5.217000,-11.000000,-10.000000,0.000000,0.000000,-1,144,1,0,0,0,0,8,-8
5.234000,-11.000000,-10.000000,0.000000,0.000000,-1,144,1,0,0,0,0,8,-8
5.250000,-11.000000,-10.000000,0.000000,0.000000,-1,144,1,0,0,0,0,8,-8
5.267000,-11.000000,-10.000000,0.000000,0.000000,-1,144,1,0,0,0,0,8,-8
5.284000,-11.000000,-10.000000,0.000000,0.000000,-1,144,1,0,0,0,0,8,-8
5.300000,-11.000000,-10.000000,0.000000,0.000000,-1,144,1,0,0,0,0,8,-8
5.317000,-11.000000,-10.000000,0.000000,0.000000,-1,144,1,0,0,0,0,8,-8
5.334000,-11.000000,-10.000000,0.000000,0.000000,-1,144,1,0,0,0,0,8,-8
5.350000,-11.000000,-10.000000,0.000000,0.000000,-1,144,1,0,0,0,0,8,-8
5.367000,-11.000000,-10.000000,0.000000,0.000000,-1,144,1,0,0,0,0,8,-8
5.384000,-11.000000,-10.000000,0.000000,0.000000,-1,144,1,0,0,0,0,8,-8
5.400000,-11.000000,-10.000000,0.000000,0.000000,-1,144,1,0,0,0,0,8,-8
5.417000,-11.000000,-10.000000,0.000000,0.000000,-1,144,1,0,0,0,0,8,-8
5.434000,-11.000000,-10.000000,0.000000,0.000000,-1,144,1,0,0,0,0,8,-8
5.450000,-11.000000,-10.000000,0.000000,0.000000,-1,144,1,0,0,0,0,8,-8
5.467000,-11.000000,-10.000000,0.000000,0.000000,-1,144,1,0,0,0,0,8,-8
5.484000,-11.000000,-10.000000,0.000000,0.000000,-1,144,1,0,0,0,0,8,-8
5.500000,-11.000000,-10.000000,0.000000,0.000000,-1,144,1,0,0,0,0,8,-8
5.517000,-11.000000,-10.000000,0.000000,0.000000,-1,144,1,0,0,0,0,8,-8
5.534000,-11.000000,-10.000000,0.000000,0.000000,-1,144,1,0,0,0,0,8,-8
5.550000,-11.000000,-10.000000,0.000000,0.000000,-1,144,1,0,0,0,0,8,-8
5.567000,-11.000000,-10.000000,0.000000,0.000000,-1,144,1,0,0,0,0,8,-8
5.584000,-11.000000,-10.000000,0.000000,0.000000,-1,144,1,0,0,0,0,8,-8
5.600000,-11.000000,-10.000000,0.000000,0.000000,-1,144,1,0,0,0,0,8,-8
5.617000,-11.000000,-10.000000,0.000000,0.000000,-1,144,1,0,0,0,0,8,-8
5.634000,-11.000000,-10.000000,0.000000,0.000000,-1,144,1,0,0,0,0,8,-8
5.650000,-11.000000,-10.000000,0.000000,0.000000,-1,144,1,0,0,0,0,8,-8
5.667000,-11.000000,-10.000000,0.000000,0.000000,-1,144,1,0,0,0,0,8,-8
5.684000,-11.000000,-10.000000,0.000000,0.000000,-1,144,1,0,0,0,0,8,-8
5.700000,-11.000000,-10.000000,0.000000,0.000000,-1,144,1,0,0,0,0,8,-8
5.717000,-11.000000,-10.000000,0.000000,0.000000,-1,144,1,0,0,0,0,8,-8
5.734000,-11.000000,-10.000000,0.000000,0.000000,-1,144,1,0,0,0,0,8,-8
5.750000,-11.000000,-10.000000,0.000000,0.000000,-1,144,1,0,0,0,0,8,-8
5.767000,-11.000000,-10.000000,0.000000,0.000000,-1,144,1,0,0,0,0,8,-8
5.783000,-11.000000,-10.000000,0.000000,0.000000,-1,144,1,0,0,0,0,8,-8
5.800000,-11.000000,-10.000000,0.000000,0.000000,-1,144,1,0,0,0,0,8,-8
5.817000,-11.000000,-10.000000,0.000000,0.000000,-1,144,1,0,0,0,0,8,-8
5.833000,-11.000000,-10.000000,0.000000,0.000000,-1,144,1,0,0,0,0,8,-8
5.850000,-11.000000,-10.000000,0.000000,0.000000,-1,144,1,0,0,0,0,8,-8
5.867000,-11.000000,-10.000000,0.000000,0.000000,-1,144,1,0,0,0,0,8,-8
5.883000,-11.000000,-10.000000,0.000000,0.000000,-1,144,1,0,0,0,0,8,-8
5.900000,-11.000000,-10.000000,0.000000,0.000000,-1,144,1,0,0,0,0,8,-8
5.917000,-11.000000,-10.000000,0.000000,0.000000,-1,144,1,0,0,0,0,8,-8
5.933000,-11.000000,-10.000000,0.000000,0.000000,-1,144,1,0,0,0,0,8,-8
5.950000,-11.000000,-10.000000,0.000000,0.000000,-1,144,1,0,0,0,0,8,-8
5.967000,-11.000000,-10.000000,0.000000,0.000000,-1,144,1,0,0,0,0,8,-8
5.983000,-11.000000,-10.000000,0.000000,0.000000,-1,144,1,0,0,0,0,8,-8
6.000000,-11.000000,-10.000000,0.000000,0.000000,-1,144,1,0,0,0,0,8,8
6.017000,-11.000000,-10.000000,0.000000,0.000000,-1,144,1,0,0,0,0,8,8
6.033000,-11.000000,-10.000000,0.000000,0.000000,-1,144,1,0,0,0,0,8,8
6.050000,-11.000000,-10.000000,0.000000,0.000000,-1,144,1,0,0,0,0,8,8
6.067000,-11.000000,-10.000000,0.000000,0.000000,-1,144,1,0,0,0,0,8,8
6.083000,-11.000000,-10.000000,0.000000,0.000000,-1,144,1,0,0,0,0,8,8
6.100000,-11.000000,-10.000000,0.000000,0.000000,-1,144,1,0,0,0,0,8,8
6.117000,-11.000000,-10.000000,0.000000,0.000000,-1,144,1,0,0,0,0,8,8
6.133000,-11.000000,-10.000000,0.000000,0.000000,-1,144,1,0,0,0,0,8,8
6.150000,-11.000000,-10.000000,0.000000,0.000000,-1,144,1,0,0,0,0,8,8
6.167000,-11.000000,-10.000000,0.000000,0.000000,-1,144,1,0,0,0,0,8,8
6.183000,-11.000000,-10.000000,0.000000,0.000000,-1,144,1,0,0,0,0,8,8
6.200000,-11.000000,-10.000000,0.000000,0.000000,-1,144,1,0,0,0,0,8,8
6.217000,-11.000000,-10.000000,0.000000,0.000000,-1,144,1,0,0,0,0,8,8
6.233000,-11.000000,-10.000000,0.000000,0.000000,-1,144,1,0,0,0,0,8,8
6.250000,-11.000000,-10.000000,0.000000,0.000000,-1,144,1,0,0,0,0,8,8
6.267000,-11.000000,-10.000000,0.000000,0.000000,-1,144,1,0,0,0,0,8,8
6.283000,-11.000000,-10.000000,0.000000,0.000000,-1,144,1,0,0,0,0,8,8
6.300000,-11.000000,-10.000000,0.000000,0.000000,-1,144,1,0,0,0,0,8,8
6.317000,-11.000000,-10.000000,0.000000,0.000000,-1,144,1,0,0,0,0,8,8
6.333000,-11.000000,-10.000000,0.000000,0.000000,-1,144,1,0,0,0,0,8,8
6.350000,-11.000000,-10.000000,0.000000,0.000000,-1,144,1,0,0,0,0,8,8
6.367000,-11.000000,-10.000000,0.000000,0.000000,-1,144,1,0,0,0,0,8,8
6.383000,-11.000000,-10.000000,0.000000,0.000000,-1,144,1,0,0,0,0,8,8
6.400000,-11.000000,-10.000000,0.000000,0.000000,-1,144,1,0,0,0,0,8,8
6.417000,-11.000000,-10.000000,0.000000,0.000000,-1,144,1,0,0,0,0,8,8
6.433000,-11.000000,-10.000000,0.000000,0.000000,-1,144,1,0,0,0,0,8,8
6.450000,-11.000000,-10.000000,0.000000,0.000000,-1,144,1,0,0,0,0,8,8
6.467000,-11.000000,-10.000000,0.000000,0.000000,-1,144,1,0,0,0,0,8,8
6.483000,-11.000000,-10.000000,0.000000,0.000000,-1,144,1,0,0,0,0,8,8
6.500000,-11.000000,-10.000000,0.000000,0.000000,-1,144,1,0,0,0,0,8,8
6.517000,-11.000000,-10.000000,0.000000,0.000000,-1,144,1,0,0,0,0,8,8
6.533000,-11.000000,-10.000000,0.000000,0.000000,-1,144,1,0,0,0,0,8,8
6.550000,-11.000000,-10.000000,0.000000,0.000000,-1,144,1,0,0,0,0,8,8
6.567000,-11.000000,-10.000000,0.000000,0.000000,-1,144,1,0,0,0,0,8,8
6.583000,-11.000000,-10.000000,0.000000,0.000000,-1,144,1,0,0,0,0,8,8
6.600000,-11.000000,-10.000000,0.000000,0.000000,-1,144,1,0,0,0,0,8,8
6.617000,-11.000000,-10.000000,0.000000,0.000000,-1,144,1,0,0,0,0,8,8
6.633000,-11.000000,-10.000000,0.000000,0.000000,-1,144,1,0,0,0,0,8,8
6.650000,-11.000000,-10.000000,0.000000,0.000000,-1,144,1,0,0,0,0,8,8
6.667000,-11.000000,-10.000000,0.000000,0.000000,-1,144,1,0,0,0,0,8,8
6.683000,-11.000000,-10.000000,0.000000,0.000000,-1,144,1,0,0,0,0,8,8
6.700000,-11.000000,-10.000000,0.000000,0.000000,-1,144,1,0,0,0,0,8,8
6.717000,-11.000000,-9.995834,0.000000,0.000000,-1,144,1,0,0,0,0,8,8
6.733000,-11.000000,-9.987503,0.000000,0.000000,-1,144,1,0,0,0,0,8,8
6.750000,-11.000000,-9.975002,0.000000,0.000000,-1,144,1,0,0,0,0,8,8
6.767000,-11.000000,-9.958336,0.000000,0.000000,-1,144,1,0,0,0,0,8,8
6.783000,-11.000000,-9.937504,0.000000,0.000000,-1,144,1,0,0,0,0,8,8
6.800000,-11.000000,-9.916672,0.000000,0.000000,-1,144,1,0,0,0,0,8,8
6.817000,-11.000000,-9.891674,0.000000,0.000000,-1,144,1,0,0,0,0,8,8
6.833000,-11.000000,-9.862507,0.000000,0.000000,-1,144,1,0,0,0,0,8,8
6.850000,-11.000000,-9.829174,0.000000,0.000000,-1,144,1,0,0,0,0,8,8
6.867000,-11.000000,-9.791676,0.000000,0.000000,-1,144,1,0,0,0,0,8,8
6.883000,-11.000000,-9.750011,0.000000,0.000000,-1,144,1,0,0,0,0,8,8
6.900000,-11.000000,-9.708347,0.000000,0.000000,-1,144,1,0,0,0,0,8,8
6.917000,-11.000000,-9.662514,0.000000,0.000000,-1,144,1,0,0,0,0,8,8
6.933000,-11.000000,-9.612514,0.000000,0.000000,-1,144,1,0,0,0,0,8,8
6.950000,-11.000000,-9.558350,0.000000,0.000000,-1,144,1,0,0,0,0,8,8
6.967000,-11.000000,-9.500019,0.000000,0.000000,-1,144,1,0,0,0,0,8,8
6.983000,-11.000000,-9.437519,0.000000,0.000000,-1,144,1,0,0,0,0,8,8
7.000000,-11.000000,-9.370853,0.000000,0.000000,-1,144,1,0,0,0,0,8,8
7.017000,-11.000000,-9.304188,0.000000,0.000000,-1,144,1,0,0,0,0,8,8
7.033000,-11.000000,-9.233356,0.000000,0.000000,-1,144,1,0,0,0,0,8,8
7.050000,-11.000000,-9.158360,0.000000,0.000000,-1,144,1,0,0,0,0,8,8
7.067000,-11.000000,-9.079193,0.000000,0.000000,-1,144,1,0,0,0,0,8,8
7.083000,-11.000000,-8.995861,0.000000,0.000000,-1,144,1,0,0,0,0,8,8
7.100000,-11.000000,-8.908363,0.000000,0.000000,-1,144,1,0,0,0,0,8,8
7.117000,-11.000000,-8.820866,0.000000,0.000000,-1,144,1,0,0,0,0,8,8
7.133000,-11.000000,-8.729202,0.000000,0.000000,-1,144,1,0,0,0,0,8,8
7.150000,-11.000000,-8.633369,0.000000,0.000000,-1,144,1,0,0,0,0,8,8
7.167000,-11.000000,-8.533371,0.000000,0.000000,-1,144,1,0,0,0,0,8,8
7.183000,-11.000000,-8.429207,0.000000,0.000000,-1,24,1,0,0,0,0,8,8
7.200000,-11.000000,-8.320877,0.000000,0.000000,-1,24,1,0,0,0,0,8,8
7.217000,-11.000000,-8.208378,0.000000,0.000000,-1,24,1,0,0,0,0,8,8
7.233000,-11.000000,-8.095879,0.000000,0.000000,-1,24,1,0,0,0,0,8,8
7.250000,-11.000000,-7.979214,0.000000,0.000000,-1,24,1,0,0,0,0,8,8
7.267000,-11.000000,-7.858383,0.000000,0.000000,-1,24,1,0,0,0,0,8,8
7.283000,-11.000000,-7.733387,0.000000,0.000000,-1,24,1,0,0,0,0,8,8
7.300000,-11.000000,-7.604221,0.000000,0.000000,-1,24,1,0,0,0,0,8,8
7.317000,-11.000000,-7.470890,0.000000,0.000000,-1,24,1,0,0,0,0,8,8
7.333000,-11.000000,-7.333393,0.000000,0.000000,-1,24,1,0,0,0,0,8,8
7.350000,-11.000000,-7.191730,0.000000,0.000000,-1,24,1,0,0,0,0,8,8
7.367000,-11.000000,-7.050068,0.000000,0.000000,-1,24,1,0,0,0,0,8,8
7.383000,-11.000000,-6.904236,0.000000,0.000000,-1,24,1,0,0,0,0,8,8
7.400000,-11.000000,-6.754238,0.000000,0.000000,-1,24,1,0,0,0,0,8,8
7.417000,-11.000000,-6.600075,0.000000,0.000000,-1,24,1,0,0,0,0,8,8
7.433000,-11.000000,-6.441746,0.000000,0.000000,-1,24,1,0,0,0,0,8,8
7.450000,-11.000000,-6.279247,0.000000,0.000000,-1,24,1,0,0,0,0,8,8
7.467000,-11.000000,-6.112583,0.000000,0.000000,-1,24,1,0,0,0,0,8,8
7.483000,-11.000000,-5.945919,0.000000,0.000000,-1,24,1,0,0,0,0,8,8
7.500000,-11.000000,-5.779255,0.000000,0.000000,-1,24,1,0,0,0,0,8,8
7.517000,-11.000000,-5.612591,0.000000,0.000000,-1,24,1,0,0,0,0,8,8
7.533000,-11.000000,-5.445927,0.000000,0.000000,-1,24,1,0,0,0,0,8,8
7.550000,-11.000000,-5.279263,0.000000,0.000000,-1,24,1,0,0,0,0,8,8
7.567000,-11.000000,-5.112598,0.000000,0.000000,-1,24,1,0,0,0,0,8,8
7.583000,-11.000000,-4.945934,0.000000,0.000000,-1,24,1,0,0,0,0,8,8
7.600000,-11.000000,-4.779270,0.000000,0.000000,-1,24,1,0,0,0,0,8,8
7.617000,-11.000000,-4.612606,0.000000,0.000000,-1,24,1,0,0,0,0,8,8
7.633000,-11.000000,-4.445942,0.000000,0.000000,-1,24,1,0,0,0,0,8,8
7.650000,-11.000000,-4.279278,0.000000,0.000000,-1,24,1,0,0,0,0,8,8
7.667000,-11.000000,-4.112614,0.000000,0.000000,-1,24,1,0,0,0,0,8,8
7.683000,-11.000000,-3.945950,0.000000,0.000000,-1,16,1,0,0,0,0,8,8
7.700000,-11.000000,-3.779285,0.000000,0.000000,-1,16,1,0,0,0,0,8,8
7.717000,-11.000000,-3.612621,0.000000,0.000000,-1,16,1,0,0,0,0,8,8
7.733000,-11.000000,-3.445957,0.000000,0.000000,-1,16,1,0,0,0,0,8,8
7.750000,-11.000000,-3.279293,0.000000,0.000000,-1,16,1,0,0,0,0,8,8
7.767000,-11.000000,-3.112629,0.000000,0.000000,-1,16,1,0,0,0,0,8,8
7.783000,-11.000000,-2.945965,0.000000,0.000000,-1,16,1,0,0,0,0,8,8
7.800000,-11.000000,-2.779301,0.000000,0.000000,-1,16,1,0,0,0,0,8,8
7.817000,-11.000000,-2.612637,0.000000,0.000000,-1,16,1,0,0,0,0,8,8
7.833000,-11.000000,-2.445972,0.000000,0.000000,-1,16,1,0,0,0,0,8,8
7.850000,-11.000000,-2.279308,0.000000,0.000000,-1,16,1,0,0,0,0,8,8
7.867000,-11.000000,-2.112644,0.000000,0.000000,-1,16,1,0,0,0,0,8,8
7.883000,-11.000000,-1.945980,0.000000,0.000000,-1,16,1,0,0,0,0,8,8
7.900000,-11.000000,-1.779316,0.000000,0.000000,-1,16,1,0,0,0,0,8,8
7.917000,-11.000000,-1.612652,0.000000,0.000000,-1,16,1,0,0,0,0,8,8
7.933000,-11.000000,-1.445988,0.000000,0.000000,-1,16,1,0,0,0,0,8,8
7.950000,-11.000000,-1.279324,0.000000,0.000000,-1,16,1,0,0,0,0,8,8
7.967000,-11.000000,-1.112659,0.000000,0.000000,-1,16,1,0,0,0,0,8,8
7.983000,-11.000000,-0.945995,0.000000,0.000000,-1,16,1,0,0,0,0,8,8
8.000000,-11.000000,-0.779331,0.000000,0.000000,-1,16,1,0,0,0,0,8,8
8.017000,-11.000000,-0.612667,0.000000,0.000000,-1,16,1,0,0,0,0,8,8
8.033000,-11.000000,-0.446003,0.000000,0.000000,-1,16,1,0,0,0,0,8,8
8.050000,-11.000000,-0.279339,0.000000,0.000000,-1,16,1,0,0,0,0,8,8
8.067000,-11.000000,-0.112675,0.000000,0.000000,-1,16,1,0,0,0,0,8,8
8.083000,-11.000000,0.053989,0.000000,0.000000,-1,16,1,0,0,0,0,8,8
8.100000,-11.000000,0.220654,0.000000,0.000000,-1,16,1,0,0,0,0,8,8
8.117000,-11.000000,0.387318,0.000000,0.000000,-1,16,1,0,0,0,0,8,8
8.133000,-11.000000,0.553982,0.000000,0.000000,-1,16,1,0,0,0,0,8,8
8.150000,-11.000000,0.720646,0.000000,0.000000,-1,16,1,0,0,0,0,8,8
8.167000,-11.000000,0.887310,0.000000,0.000000,-1,16,1,0,0,0,0,8,8
8.183000,-11.000000,1.053974,0.000000,0.000000,-1,16,1,0,0,0,0,8,8
8.200000,-11.000000,1.220638,0.000000,0.000000,-1,16,1,0,0,0,0,8,8
8.217000,-11.000000,1.387302,0.000000,0.000000,-1,16,1,0,0,0,0,8,8
8.233000,-11.000000,1.553967,0.000000,0.000000,-1,272,1,0,0,0,1,8,8
8.250000,-11.000000,1.720631,0.000000,0.000000,-1,272,1,0,0,0,1,8,8
8.267000,-11.000000,1.887295,0.000000,0.000000,-1,272,1,0,0,0,1,8,8
8.283000,-11.000000,2.053959,0.000000,0.000000,-1,272,1,0,0,0,1,8,8
8.300000,-11.000000,2.220623,0.000000,0.000000,-1,16,1,0,0,0,0,8,8
8.317000,-11.000000,2.387287,0.000000,0.000000,-1,16,1,0,0,0,0,8,8
8.333000,-11.000000,2.553951,0.000000,0.000000,-1,16,1,0,0,0,0,8,8
8.350000,-11.000000,2.720615,0.000000,0.000000,-1,16,1,0,0,0,0,8,8
8.367000,-11.000000,2.887280,0.000000,0.000000,-1,16,1,0,0,0,0,8,8
8.383000,-11.000000,3.053944,0.000000,0.000000,-1,16,1,0,0,0,0,8,8
8.400000,-11.000000,3.220608,0.000000,0.000000,-1,16,1,0,0,0,0,8,8
8.417000,-11.000000,3.387272,0.000000,0.000000,-1,16,1,0,0,0,0,8,8
8.433000,-11.000000,3.553936,0.000000,0.000000,-1,272,1,0,0,0,1,8,8
8.450000,-11.000000,3.720600,0.000000,0.000000,-1,272,1,0,0,0,1,8,8
8.467000,-11.000000,3.887264,0.000000,0.000000,-1,272,1,0,0,0,1,8,8
8.483000,-11.000000,4.053925,0.000000,0.000000,-1,276,1,0,0,0,1,8,8
8.500000,-11.000000,4.220589,0.000000,0.000000,-1,276,1,0,0,0,1,4,4
8.517000,-11.000000,4.387253,0.000000,0.000000,-1,276,1,0,0,0,1,4,4
8.533000,-11.000000,4.553917,0.000000,0.000000,-1,20,1,0,0,0,0,4,4
8.550000,-11.000000,4.720581,0.000000,0.000000,-1,20,1,0,0,0,0,4,4
8.567000,-11.000000,4.887245,0.000000,0.000000,-1,20,1,0,0,0,0,4,4
8.583000,-11.000000,5.053909,0.000000,0.000000,-1,20,1,0,0,0,0,4,4
8.600000,-11.000000,5.220573,0.000000,0.000000,-1,20,1,0,0,0,0,4,4
8.617000,-11.000000,5.387238,0.000000,0.000000,-1,20,1,0,0,0,0,4,4
8.633000,-11.000000,5.553902,0.000000,0.000000,-1,20,1,0,0,0,0,4,4
8.650000,-11.000000,5.720566,0.000000,0.000000,-1,20,1,0,0,0,0,4,4
8.667000,-11.000000,5.887230,0.000000,0.000000,-1,20,1,0,0,0,0,4,4
8.683000,-11.000000,6.053894,0.000000,0.000000,-1,20,1,0,0,0,0,4,4
8.700000,-11.000000,6.220558,0.000000,0.000000,-1,20,1,0,0,0,0,4,4
8.717000,-11.000000,6.387222,0.000000,0.000000,-1,20,1,0,0,0,0,4,4
8.733000,-11.000000,6.549721,0.000000,0.000000,-1,80,1,0,0,0,0,4,4
8.750000,-11.000000,6.708054,0.000000,0.000000,-1,80,1,0,0,0,0,4,4
8.767000,-11.000000,6.862221,0.000000,0.000000,-1,80,1,0,0,0,0,4,4
8.783000,-11.000000,7.012222,0.000000,0.000000,-1,80,1,0,0,0,0,4,4
8.800000,-11.000000,7.158051,0.000000,0.000000,-1,80,1,0,0,0,0,4,4
8.817000,-11.000000,7.295547,0.000000,0.000000,-1,80,1,0,0,0,0,4,4
8.833000,-11.000000,7.428879,0.000000,0.000000,-1,80,1,0,0,0,0,4,4
8.850000,-11.000000,7.558044,0.000000,0.000000,-1,80,1,0,0,0,0,4,4
8.867000,-11.000000,7.683044,0.000000,0.000000,-1,80,1,0,0,0,0,4,4
8.883000,-11.000000,7.803879,0.000000,0.000000,-1,80,1,0,0,0,0,4,4
8.900000,-11.000000,7.920547,0.000000,0.000000,-1,80,1,0,0,0,0,4,4
8.917000,-11.000000,8.033043,0.000000,0.000000,-1,80,1,0,0,0,0,4,4
8.933000,-11.000000,8.141373,0.000000,0.000000,-1,80,1,0,0,0,0,4,4
8.950000,-11.000000,8.241371,0.000000,0.000000,-1,80,1,0,0,0,0,4,4
8.967000,-11.000000,8.337204,0.000000,0.000000,-1,80,1,0,0,0,0,4,4
8.983000,-11.000000,8.428871,0.000000,0.000000,-1,80,1,0,0,0,0,4,4
9.000000,-11.000000,8.516373,0.000000,0.000000,-1,80,1,0,0,0,0,4,4
9.017000,-11.000000,8.599709,0.000000,0.000000,-1,80,1,0,0,0,0,4,4
9.033000,-11.000000,8.678871,0.000000,0.000000,-1,80,1,0,0,0,0,4,4
9.050000,-11.000000,8.753868,0.000000,0.000000,-1,80,1,0,0,0,0,4,4
9.067000,-11.000000,8.820534,0.000000,0.000000,-1,80,1,0,0,0,0,4,4
9.083000,-11.000000,8.883034,0.000000,0.000000,-1,80,1,0,0,0,0,4,4
9.100000,-11.000000,8.941368,0.000000,0.000000,-1,80,1,0,0,0,0,4,4
9.117000,-11.000000,8.995537,0.000000,0.000000,-1,80,1,0,0,0,0,4,4
9.133000,-11.000000,9.045540,0.000000,0.000000,-1,80,1,0,0,0,0,4,4
9.150000,-11.000000,9.091370,0.000000,0.000000,-1,80,1,0,0,0,0,4,4
9.167000,-11.000000,9.133034,0.000000,0.000000,-1,80,1,0,0,0,0,4,4
9.183000,-11.000000,9.166367,0.000000,0.000000,-1,80,1,0,0,0,0,4,4
9.200000,-11.000000,9.195534,0.000000,0.000000,-1,80,1,0,0,0,0,4,4
9.217000,-11.000000,9.220535,0.000000,0.000000,-1,80,1,0,0,0,0,4,4
9.233000,-11.000000,9.241371,0.000000,0.000000,-1,80,1,0,0,0,0,4,4
9.250000,-11.000000,9.258041,0.000000,0.000000,-1,80,1,0,0,0,0,4,4
9.267000,-11.000000,9.270538,0.000000,0.000000,-1,80,1,0,0,0,0,4,4
9.283000,-11.000000,9.274704,0.000000,0.000000,-1,80,1,0,0,0,0,4,4
9.300000,-10.702386,9.012207,0.000000,0.000000,-1,80,1,0,0,0,0,4,4
9.317000,-10.404879,8.745544,0.000000,0.000000,-1,80,1,0,0,0,0,4,4
9.333000,-10.107481,8.474716,0.000000,0.000000,-1,80,1,0,0,0,0,4,4
9.350000,-9.810197,8.199722,0.000000,0.000000,-1,80,1,0,0,0,0,4,4
9.367000,-9.513031,7.920563,0.000000,0.000000,-1,80,1,0,0,0,0,4,4
9.383000,-9.215986,7.637230,0.000000,0.000000,-1,80,1,0,0,0,0,4,4
9.400000,-8.919066,7.349731,0.000000,0.000000,-1,80,1,0,0,0,0,4,4
9.417000,-8.622277,7.053902,0.000000,0.000000,-1,80,1,0,0,0,0,4,4
9.433000,-8.325624,6.753906,0.000000,0.000000,-1,80,1,0,0,0,0,4,4
9.450000,-8.029111,6.449745,0.000000,0.000000,-1,20,1,0,0,0,0,4,4
9.467000,-7.732744,6.141418,0.000000,0.000000,-1,20,1,0,0,0,0,4,4
9.483000,-7.436526,5.828926,0.000000,0.000000,-1,20,1,0,0,0,0,4,4
9.500000,-7.140464,5.512260,0.000000,0.000000,-1,20,1,0,0,0,0,4,4
9.517000,-6.844562,5.191429,0.000000,0.000000,-1,20,1,0,0,0,0,4,4
9.533000,-6.548825,4.866432,0.000000,0.000000,-1,5,0,1,0,0,0,4,4
9.550000,-6.253260,4.537270,0.000000,0.000000,-1,5,0,1,0,0,0,4,4
9.567000,-5.957870,4.203941,0.000000,0.000000,-1,5,0,1,0,0,0,4,4
9.583000,-5.662663,3.862278,0.000000,0.000000,-1,1,0,1,0,0,0,4,4
9.600000,-5.367645,3.516449,0.000000,0.000000,-1,1,0,1,0,0,0,4,4
9.617000,-5.072824,3.166454,0.000000,0.000000,-1,1,0,1,0,0,0,4,4
9.633000,-4.778205,2.812294,0.000000,0.000000,-1,1,0,1,0,0,0,4,4
9.650000,-4.483796,2.453964,0.000000,0.000000,-1,1,0,1,0,0,0,4,4
9.667000,-4.189601,2.091469,0.000000,0.000000,-1,1,0,1,0,0,0,4,4
9.683000,-3.895629,1.724808,0.000000,0.000000,-1,1,0,1,0,0,0,4,4
9.700000,-3.601887,1.353981,0.000000,0.000000,-1,1,0,1,0,0,0,4,4
9.717000,-3.308380,0.978985,0.000000,0.000000,-1,0,0,0,0,0,0,4,4
9.733000,-3.015117,0.599823,0.000000,0.000000,-1,0,0,0,0,0,0,4,4
9.750000,-2.722106,0.216496,0.000000,0.000000,-1,0,0,0,0,0,0,4,4
9.767000,-2.429354,-0.170998,0.000000,0.000000,-1,0,0,0,0,0,0,4,4
9.783000,-2.136869,-0.562660,0.000000,0.000000,-1,0,0,0,0,0,0,4,4
9.800000,-1.844659,-0.958488,0.000000,0.000000,-1,0,0,0,0,0,0,4,4
9.817000,-1.552733,-1.358482,0.000000,0.000000,-1,0,0,0,0,0,0,4,4
9.833000,-1.261099,-1.762642,0.000000,0.000000,-1,0,0,0,0,0,0,4,4
9.850000,-0.969767,-2.170971,0.000000,0.000000,-1,0,0,0,0,0,0,4,4
9.867000,-0.678745,-2.583466,0.000000,0.000000,-1,0,0,0,0,0,0,4,4
9.883000,-0.388042,-3.000126,0.000000,0.000000,-1,0,0,0,0,0,0,4,4
9.900000,-0.097669,-3.420952,0.000000,0.000000,-1,0,0,0,0,0,0,4,4
9.917000,0.192364,-3.845947,0.000000,0.000000,-1,0,0,0,0,0,0,4,4
9.933000,0.482048,-4.275108,0.000000,0.000000,-1,8,0,0,0,0,0,4,4
9.950000,0.771372,-4.704269,0.000000,0.000000,-1,8,0,0,0,0,0,4,4
9.967000,1.060330,-5.133430,0.000000,0.000000,-1,8,0,0,0,0,0,4,4
9.983000,1.348912,-5.562592,0.000000,0.000000,-1,8,0,0,0,0,0,4,4
10.000000,1.636199,-5.729256,0.000000,0.000000,-1,8,0,0,0,0,0,4,4
10.017000,1.923336,-5.895920,0.000000,0.000000,-1,8,0,0,0,0,0,4,4
10.033000,2.210322,-6.062584,0.000000,0.000000,-1,8,0,0,0,0,0,4,4
10.050000,2.497155,-6.229248,0.000000,0.000000,-1,8,0,0,0,0,0,4,4
10.067000,2.783834,-6.395912,0.000000,0.000000,-1,8,0,0,0,0,0,4,4
10.083000,3.070359,-6.562576,0.000000,0.000000,-1,8,0,0,0,0,0,4,4
10.100000,2.884320,-6.729240,0.000000,0.000000,-1,8,0,0,0,0,0,4,4
10.117000,2.698862,-6.895905,0.000000,0.000000,-1,8,0,0,0,0,0,4,4
10.133000,2.513984,-7.062569,0.000000,0.000000,-1,8,0,0,0,0,0,4,4
10.150000,2.329686,-7.229233,0.000000,0.000000,-1,8,0,0,0,0,0,4,4
10.167000,2.145968,-7.395897,0.000000,0.000000,-1,8,0,0,0,0,0,4,4
10.183000,1.962831,-7.562561,0.000000,0.000000,-1,8,0,0,0,0,0,4,4
10.200000,1.779360,-7.466728,0.000000,0.000000,-1,8,0,0,0,0,0,4,4
10.217000,1.595555,-7.370895,0.000000,0.000000,-1,8,0,0,0,0,0,4,4
10.233000,1.411417,-7.275063,0.000000,0.000000,-1,8,0,0,0,0,0,4,4
10.250000,1.226945,-7.179230,0.000000,0.000000,-1,8,0,0,0,0,0,4,4
10.267000,1.042139,-7.083397,0.000000,0.000000,-1,8,0,0,0,0,0,4,4
10.283000,0.857000,-6.987564,0.000000,0.000000,-1,8,0,0,0,0,0,4,4
10.300000,0.671527,-6.891731,0.000000,0.000000,-1,8,0,0,0,0,0,4,4
10.317000,0.485721,-6.795898,0.000000,0.000000,-1,8,0,0,0,0,0,4,4
10.333000,0.299580,-6.700066,0.000000,0.000000,-1,8,0,0,0,0,0,4,4
10.350000,0.113107,-6.604233,0.000000,0.000000,-1,8,0,0,0,0,0,4,4
10.367000,-0.073701,-6.508400,0.000000,0.000000,-1,8,0,0,0,0,0,4,4
10.383000,-0.260842,-6.412567,0.000000,0.000000,-1,8,0,0,0,0,0,4,4
10.400000,-0.448316,-6.316734,0.000000,0.000000,-1,8,0,0,0,0,0,4,4
10.417000,-0.636125,-6.220901,0.000000,0.000000,-1,8,0,0,0,0,0,4,4
10.433000,-0.824267,-6.125069,0.000000,0.000000,-1,8,0,0,0,0,0,4,4
10.450000,-1.012742,-6.029236,0.000000,0.000000,-1,8,0,0,0,0,0,4,4
10.467000,-1.201551,-5.933403,0.000000,0.000000,-1,8,0,0,0,0,0,4,4
10.483000,-1.390694,-5.837570,0.000000,0.000000,-1,8,0,0,0,0,0,4,4
10.500000,-1.580171,-5.741737,0.000000,0.000000,-1,8,0,0,0,0,0,-4,4
10.517000,-1.769981,-5.645905,0.000000,0.000000,-1,8,0,0,0,0,0,-4,4
10.533000,-1.960125,-5.550072,0.000000,0.000000,-1,8,0,0,0,0,0,-4,4
10.550000,-2.150602,-5.454239,0.000000,0.000000,-1,8,0,0,0,0,0,-4,4
10.567000,-2.341413,-5.358406,0.000000,0.000000,-1,8,0,0,0,0,0,-4,4
10.583000,-2.532558,-5.262573,0.000000,0.000000,-1,8,0,0,0,0,0,-4,4
10.600000,-2.724036,-5.166740,0.000000,0.000000,-1,8,0,0,0,0,0,-4,4
10.617000,-2.915848,-5.070908,0.000000,0.000000,-1,8,0,0,0,0,0,-4,4
10.633000,-3.107994,-4.975075,0.000000,0.000000,-1,8,0,0,0,0,0,-4,4
10.650000,-3.300473,-4.879242,0.000000,0.000000,-1,8,0,0,0,0,0,-4,4
10.667000,-3.493286,-4.783409,0.000000,0.000000,-1,8,0,0,0,0,0,-4,4
10.683000,-3.686432,-4.687576,0.000000,0.000000,-1,9,0,1,0,0,0,-4,4
10.700000,-3.879912,-4.591743,0.000000,0.000000,-1,9,0,1,0,0,0,-4,4
10.717000,-4.073726,-4.495911,0.000000,0.000000,-1,9,0,1,0,0,0,-4,4
10.733000,-4.267873,-4.400078,0.000000,0.000000,-1,9,0,1,0,0,0,-4,4
10.750000,-4.462354,-4.304245,0.000000,0.000000,-1,9,0,1,0,0,0,-4,4
10.767000,-4.657169,-4.208412,0.000000,0.000000,-1,9,0,1,0,0,0,-4,4
10.783000,-4.852317,-4.112579,0.000000,0.000000,-1,9,0,1,0,0,0,-4,4
10.800000,-5.047799,-4.016747,0.000000,0.000000,-1,9,0,1,0,0,0,-4,4
10.817000,-5.243615,-3.920914,0.000000,0.000000,-1,1,0,1,0,0,0,-4,4
10.833000,-4.955821,-3.825081,0.000000,0.000000,-1,1,0,1,0,0,0,-4,4
10.850000,-4.667947,-3.729248,0.000000,0.000000,-1,1,0,1,0,0,0,-4,4
10.867000,-4.379994,-3.633415,0.000000,0.000000,-1,1,0,1,0,0,0,-4,4
10.883000,-4.091962,-3.537582,0.000000,0.000000,-1,1,0,1,0,0,0,-4,4
10.900000,-3.803852,-3.441750,0.000000,0.000000,-1,1,0,1,0,0,0,-4,4
10.917000,-3.515663,-3.345917,0.000000,0.000000,-1,1,0,1,0,0,0,-4,4
10.933000,-3.227396,-3.250084,0.000000,0.000000,-1,0,0,0,0,0,0,-4,4
10.950000,-2.939052,-3.154251,0.000000,0.000000,-1,0,0,0,0,0,0,-4,4
10.967000,-2.551221,-3.054253,0.000000,0.000000,-1,0,0,0,0,0,0,-4,4
10.983000,-2.163136,-2.950089,0.000000,0.000000,-1,0,0,0,0,0,0,-4,4
11.000000,-1.774786,-2.841755,0.000000,0.000000,-1,0,0,0,0,0,0,-4,4
11.017000,-1.386162,-2.729256,0.000000,0.000000,-1,0,0,0,0,0,0,-4,4
11.033000,-0.997253,-2.612591,0.000000,0.000000,-1,0,0,0,0,0,0,-4,4
11.050000,-0.608049,-2.491760,0.000000,0.000000,-1,0,0,0,0,0,0,-4,4
11.067000,-0.218540,-2.366760,0.000000,0.000000,-1,0,0,0,0,0,0,-4,4
11.083000,0.171283,-2.237595,0.000000,0.000000,-1,0,0,0,0,0,0,-4,4
11.100000,0.561431,-2.104263,0.000000,0.000000,-1,0,0,0,0,0,0,-4,4
11.117000,0.951913,-1.970932,0.000000,0.000000,-1,0,0,0,0,0,0,-4,4
11.133000,1.342729,-1.833435,0.000000,0.000000,-1,0,0,0,0,0,0,-4,4
11.150000,1.733889,-1.691769,0.000000,0.000000,-1,0,0,0,0,0,0,-4,4
11.167000,2.125402,-1.545937,0.000000,0.000000,-1,0,0,0,0,0,0,-4,4
11.183000,2.517278,-1.395939,0.000000,0.000000,-1,0,0,0,0,0,0,-4,4
11.200000,2.909526,-1.241776,0.000000,0.000000,-1,0,0,0,0,0,0,-4,4
11.217000,3.302156,-1.083443,0.000000,0.000000,-1,0,0,0,0,0,0,-4,4
11.233000,3.695178,-0.920944,0.000000,0.000000,-1,2,0,0,0,1,0,-4,4
11.250000,4.088600,-0.754280,0.000000,0.000000,-1,2,0,0,0,1,0,-4,4
11.267000,4.482432,-0.583450,0.000000,0.000000,-1,2,0,0,0,1,0,-4,4
11.283000,4.876684,-0.408451,0.000000,0.000000,-1,2,0,0,0,1,0,-4,4
11.300000,5.271363,-0.229286,0.000000,0.000000,-1,2,0,0,0,1,0,-4,4
11.317000,5.666481,-0.050121,0.000000,0.000000,-1,2,0,0,0,1,0,-4,4
11.333000,5.561668,0.129044,0.000000,0.000000,-1,2,0,0,0,1,0,-4,4
11.350000,5.456543,0.308208,0.000000,0.000000,-1,2,0,0,0,1,0,-4,4
11.367000,5.351107,0.487373,0.000000,0.000000,-1,2,0,0,0,1,0,-4,4
11.383000,5.245359,0.666538,0.000000,0.000000,-1,2,0,0,0,1,0,-4,4
11.400000,5.139299,0.845703,0.000000,0.000000,-1,2,0,0,0,1,0,-4,4
11.417000,5.033384,0.762371,0.000000,0.000000,-1,2,0,0,0,1,0,-4,4
11.433000,4.927614,0.679039,0.000000,0.000000,-1,2,0,0,0,1,0,-4,4
11.450000,4.821989,0.595707,0.000000,0.000000,-1,2,0,0,0,1,0,-4,4
11.467000,4.716509,0.512375,0.000000,0.000000,-1,2,0,0,0,1,0,-4,4
11.483000,4.611175,0.429043,0.000000,0.000000,-1,2,0,0,0,1,0,-4,4
11.500000,4.505985,0.345711,0.000000,0.000000,-1,2,0,0,0,1,0,-4,4
11.517000,4.400940,0.262379,0.000000,0.000000,-1,2,0,0,0,1,0,-4,4
11.533000,4.296041,0.179047,0.000000,0.000000,-1,2,0,0,0,1,0,-4,4
11.550000,4.191286,0.095715,0.000000,0.000000,-1,2,0,0,0,1,0,-4,4
11.567000,4.086677,0.012383,0.000000,0.000000,-1,2,0,0,0,1,0,-4,4
11.583000,3.982212,-0.070950,0.000000,0.000000,-1,2,0,0,0,1,0,-4,4
11.600000,3.877893,-0.154282,0.000000,0.000000,-1,2,0,0,0,1,0,-4,4
